Sample	0	1	2	3	4	5	6	7	8	9	10	11	12	13	14	15	16	17	18	19	20	21	22	23	24	25	26	27	28	29	30	31	32	33	34	35	36	37	38	39	40	41	42	43
SRR19621115_1	(239, 1.0)	(240, 0.0)	(241, 0.0)	(242, 0.0)	(243, 0.0)	(244, 0.0)	(245, 2.0)	(246, 0.0)	(247, 5.0)	(248, 38.0)	(249, 10126.0)	(250, 38099.0)	(251, 2870.0)																															
SRR19621115_2	(130, 3.0)	(135, 0.0)	(140, 1.0)	(145, 0.0)	(150, 0.0)	(155, 1.0)	(160, 1.0)	(165, 1.0)	(170, 1.0)	(175, 0.0)	(180, 0.0)	(185, 2.0)	(190, 1.0)	(195, 1.0)	(200, 1.0)	(205, 0.0)	(210, 0.0)	(215, 1.0)	(220, 0.0)	(225, 2.0)	(230, 1.0)	(235, 1.0)	(240, 0.0)	(245, 84.0)	(250, 51039.0)																			
SRR19621116_1	(241, 1.0)	(242, 0.0)	(243, 0.0)	(244, 0.0)	(245, 5.0)	(246, 0.0)	(247, 2.0)	(248, 29.0)	(249, 9804.0)	(250, 34315.0)	(251, 5811.0)																																	
SRR19621116_2	(80, 1.0)	(85, 0.0)	(90, 0.0)	(95, 0.0)	(100, 0.0)	(105, 0.0)	(110, 0.0)	(115, 0.0)	(120, 1.0)	(125, 1.0)	(130, 1.0)	(135, 1.0)	(140, 1.0)	(145, 0.0)	(150, 0.0)	(155, 0.0)	(160, 2.0)	(165, 1.0)	(170, 1.0)	(175, 0.0)	(180, 1.0)	(185, 2.0)	(190, 0.0)	(195, 2.0)	(200, 0.0)	(205, 0.0)	(210, 0.0)	(215, 1.0)	(220, 5.0)	(225, 2.0)	(230, 0.0)	(235, 2.0)	(240, 1.0)	(245, 81.0)	(250, 49860.0)									
SRR19621117_1	(246, 1.0)	(247, 2.0)	(248, 27.0)	(249, 16545.0)	(250, 36631.0)	(251, 1736.0)																																						
SRR19621117_2	(130, 4.0)	(135, 0.0)	(140, 0.0)	(145, 0.0)	(150, 0.0)	(155, 1.0)	(160, 3.0)	(165, 0.0)	(170, 1.0)	(175, 0.0)	(180, 0.0)	(185, 2.0)	(190, 0.0)	(195, 1.0)	(200, 0.0)	(205, 0.0)	(210, 0.0)	(215, 0.0)	(220, 1.0)	(225, 2.0)	(230, 1.0)	(235, 1.0)	(240, 0.0)	(245, 65.0)	(250, 54860.0)																			
SRR19621118_1	(245, 1.0)	(246, 0.0)	(247, 3.0)	(248, 40.0)	(249, 1637.0)	(250, 62359.0)	(251, 1664.0)																																					
SRR19621118_2	(140, 1.0)	(145, 0.0)	(150, 0.0)	(155, 0.0)	(160, 1.0)	(165, 2.0)	(170, 0.0)	(175, 1.0)	(180, 1.0)	(185, 1.0)	(190, 0.0)	(195, 1.0)	(200, 1.0)	(205, 1.0)	(210, 0.0)	(215, 2.0)	(220, 0.0)	(225, 0.0)	(230, 2.0)	(235, 0.0)	(240, 0.0)	(245, 95.0)	(250, 65595.0)																					
SRR19621119_1	(240, 2.0)	(241, 0.0)	(242, 1.0)	(243, 0.0)	(244, 0.0)	(245, 1.0)	(246, 0.0)	(247, 1.0)	(248, 36.0)	(249, 4031.0)	(250, 58304.0)	(251, 1704.0)																																
SRR19621119_2	(115, 1.0)	(120, 0.0)	(125, 0.0)	(130, 2.0)	(135, 0.0)	(140, 1.0)	(145, 0.0)	(150, 1.0)	(155, 0.0)	(160, 0.0)	(165, 0.0)	(170, 1.0)	(175, 0.0)	(180, 0.0)	(185, 1.0)	(190, 0.0)	(195, 0.0)	(200, 1.0)	(205, 2.0)	(210, 0.0)	(215, 0.0)	(220, 0.0)	(225, 0.0)	(230, 2.0)	(235, 0.0)	(240, 3.0)	(245, 76.0)	(250, 63989.0)																
SRR19621120_1	(241, 1.0)	(242, 0.0)	(243, 0.0)	(244, 0.0)	(245, 0.0)	(246, 1.0)	(247, 2.0)	(248, 43.0)	(249, 3808.0)	(250, 71240.0)	(251, 1786.0)																																	
SRR19621120_2	(110, 1.0)	(115, 0.0)	(120, 0.0)	(125, 0.0)	(130, 2.0)	(135, 1.0)	(140, 0.0)	(145, 2.0)	(150, 2.0)	(155, 0.0)	(160, 1.0)	(165, 0.0)	(170, 2.0)	(175, 0.0)	(180, 1.0)	(185, 0.0)	(190, 1.0)	(195, 0.0)	(200, 1.0)	(205, 0.0)	(210, 0.0)	(215, 0.0)	(220, 0.0)	(225, 0.0)	(230, 3.0)	(235, 0.0)	(240, 2.0)	(245, 113.0)	(250, 76749.0)															
SRR19621121_1	(247, 1.0)	(248, 30.0)	(249, 2841.0)	(250, 41056.0)	(251, 1049.0)																																							
SRR19621121_2	(90, 1.0)	(95, 0.0)	(100, 1.0)	(105, 1.0)	(110, 0.0)	(115, 0.0)	(120, 0.0)	(125, 0.0)	(130, 0.0)	(135, 1.0)	(140, 0.0)	(145, 1.0)	(150, 1.0)	(155, 1.0)	(160, 0.0)	(165, 1.0)	(170, 0.0)	(175, 0.0)	(180, 1.0)	(185, 0.0)	(190, 0.0)	(195, 1.0)	(200, 1.0)	(205, 1.0)	(210, 0.0)	(215, 0.0)	(220, 2.0)	(225, 0.0)	(230, 0.0)	(235, 0.0)	(240, 1.0)	(245, 61.0)	(250, 44901.0)											
SRR19621122_1	(238, 1.0)	(239, 0.0)	(240, 0.0)	(241, 0.0)	(242, 0.0)	(243, 0.0)	(244, 1.0)	(245, 0.0)	(246, 0.0)	(247, 2.0)	(248, 27.0)	(249, 6654.0)	(250, 39936.0)	(251, 1474.0)																														
SRR19621122_2	(120, 1.0)	(125, 0.0)	(130, 0.0)	(135, 0.0)	(140, 0.0)	(145, 2.0)	(150, 1.0)	(155, 0.0)	(160, 1.0)	(165, 0.0)	(170, 0.0)	(175, 0.0)	(180, 1.0)	(185, 2.0)	(190, 1.0)	(195, 1.0)	(200, 0.0)	(205, 1.0)	(210, 0.0)	(215, 0.0)	(220, 0.0)	(225, 1.0)	(230, 1.0)	(235, 2.0)	(240, 1.0)	(245, 79.0)	(250, 48000.0)																	
SRR19621123_1	(248, 42.0)	(249, 6025.0)	(250, 47568.0)	(251, 1605.0)																																								
SRR19621123_2	(65, 1.0)	(70, 0.0)	(75, 0.0)	(80, 0.0)	(85, 0.0)	(90, 0.0)	(95, 0.0)	(100, 0.0)	(105, 0.0)	(110, 0.0)	(115, 0.0)	(120, 0.0)	(125, 1.0)	(130, 0.0)	(135, 0.0)	(140, 0.0)	(145, 0.0)	(150, 0.0)	(155, 1.0)	(160, 2.0)	(165, 0.0)	(170, 1.0)	(175, 1.0)	(180, 0.0)	(185, 1.0)	(190, 1.0)	(195, 0.0)	(200, 1.0)	(205, 0.0)	(210, 0.0)	(215, 0.0)	(220, 0.0)	(225, 0.0)	(230, 1.0)	(235, 1.0)	(240, 0.0)	(245, 67.0)	(250, 55161.0)						
SRR19621124_1	(239, 1.0)	(240, 0.0)	(241, 0.0)	(242, 0.0)	(243, 1.0)	(244, 0.0)	(245, 0.0)	(246, 1.0)	(247, 1.0)	(248, 47.0)	(249, 8537.0)	(250, 47896.0)	(251, 1595.0)																															
SRR19621124_2	(75, 1.0)	(80, 0.0)	(85, 0.0)	(90, 0.0)	(95, 0.0)	(100, 0.0)	(105, 0.0)	(110, 0.0)	(115, 0.0)	(120, 1.0)	(125, 0.0)	(130, 2.0)	(135, 3.0)	(140, 0.0)	(145, 1.0)	(150, 1.0)	(155, 0.0)	(160, 1.0)	(165, 2.0)	(170, 1.0)	(175, 1.0)	(180, 3.0)	(185, 1.0)	(190, 0.0)	(195, 0.0)	(200, 0.0)	(205, 3.0)	(210, 0.0)	(215, 0.0)	(220, 0.0)	(225, 1.0)	(230, 1.0)	(235, 2.0)	(240, 1.0)	(245, 97.0)	(250, 57956.0)								
SRR19621125_1	(240, 1.0)	(241, 0.0)	(242, 0.0)	(243, 0.0)	(244, 0.0)	(245, 1.0)	(246, 0.0)	(247, 5.0)	(248, 39.0)	(249, 6536.0)	(250, 53847.0)	(251, 4415.0)																																
SRR19621125_2	(105, 1.0)	(110, 1.0)	(115, 1.0)	(120, 1.0)	(125, 1.0)	(130, 1.0)	(135, 0.0)	(140, 0.0)	(145, 1.0)	(150, 0.0)	(155, 1.0)	(160, 3.0)	(165, 0.0)	(170, 1.0)	(175, 0.0)	(180, 4.0)	(185, 1.0)	(190, 1.0)	(195, 0.0)	(200, 1.0)	(205, 5.0)	(210, 1.0)	(215, 0.0)	(220, 1.0)	(225, 1.0)	(230, 0.0)	(235, 1.0)	(240, 1.0)	(245, 99.0)	(250, 64716.0)														
SRR19621126_1	(245, 1.0)	(246, 0.0)	(247, 1.0)	(248, 30.0)	(249, 2044.0)	(250, 42239.0)	(251, 15513.0)																																					
SRR19621126_2	(70, 1.0)	(75, 0.0)	(80, 0.0)	(85, 0.0)	(90, 0.0)	(95, 0.0)	(100, 0.0)	(105, 0.0)	(110, 0.0)	(115, 0.0)	(120, 0.0)	(125, 0.0)	(130, 2.0)	(135, 0.0)	(140, 1.0)	(145, 1.0)	(150, 1.0)	(155, 1.0)	(160, 0.0)	(165, 2.0)	(170, 1.0)	(175, 1.0)	(180, 1.0)	(185, 0.0)	(190, 1.0)	(195, 1.0)	(200, 0.0)	(205, 0.0)	(210, 0.0)	(215, 1.0)	(220, 0.0)	(225, 0.0)	(230, 0.0)	(235, 0.0)	(240, 0.0)	(245, 111.0)	(250, 59702.0)							
SRR19621127_1	(243, 1.0)	(244, 0.0)	(245, 0.0)	(246, 1.0)	(247, 3.0)	(248, 45.0)	(249, 1690.0)	(250, 54555.0)	(251, 2294.0)																																			
SRR19621127_2	(100, 1.0)	(105, 0.0)	(110, 0.0)	(115, 1.0)	(120, 0.0)	(125, 0.0)	(130, 1.0)	(135, 2.0)	(140, 0.0)	(145, 4.0)	(150, 3.0)	(155, 0.0)	(160, 1.0)	(165, 2.0)	(170, 1.0)	(175, 1.0)	(180, 2.0)	(185, 2.0)	(190, 2.0)	(195, 0.0)	(200, 0.0)	(205, 0.0)	(210, 2.0)	(215, 1.0)	(220, 1.0)	(225, 3.0)	(230, 3.0)	(235, 0.0)	(240, 1.0)	(245, 81.0)	(250, 58474.0)													
SRR19621128_1	(238, 1.0)	(239, 0.0)	(240, 0.0)	(241, 1.0)	(242, 1.0)	(243, 0.0)	(244, 0.0)	(245, 2.0)	(246, 1.0)	(247, 5.0)	(248, 32.0)	(249, 6870.0)	(250, 49251.0)	(251, 1663.0)																														
SRR19621128_2	(105, 1.0)	(110, 0.0)	(115, 1.0)	(120, 0.0)	(125, 1.0)	(130, 0.0)	(135, 2.0)	(140, 0.0)	(145, 1.0)	(150, 0.0)	(155, 1.0)	(160, 1.0)	(165, 2.0)	(170, 0.0)	(175, 0.0)	(180, 1.0)	(185, 1.0)	(190, 3.0)	(195, 2.0)	(200, 1.0)	(205, 0.0)	(210, 0.0)	(215, 2.0)	(220, 1.0)	(225, 2.0)	(230, 1.0)	(235, 1.0)	(240, 2.0)	(245, 84.0)	(250, 57716.0)														
SRR19621129_1	(245, 1.0)	(246, 0.0)	(247, 0.0)	(248, 21.0)	(249, 3681.0)	(250, 31172.0)	(251, 3830.0)																																					
SRR19621129_2	(120, 1.0)	(125, 0.0)	(130, 0.0)	(135, 1.0)	(140, 0.0)	(145, 0.0)	(150, 0.0)	(155, 0.0)	(160, 0.0)	(165, 0.0)	(170, 0.0)	(175, 0.0)	(180, 0.0)	(185, 0.0)	(190, 1.0)	(195, 2.0)	(200, 0.0)	(205, 0.0)	(210, 0.0)	(215, 1.0)	(220, 0.0)	(225, 3.0)	(230, 0.0)	(235, 0.0)	(240, 0.0)	(245, 50.0)	(250, 38646.0)																	
SRR19621130_1	(241, 1.0)	(242, 0.0)	(243, 0.0)	(244, 0.0)	(245, 2.0)	(246, 0.0)	(247, 4.0)	(248, 34.0)	(249, 12594.0)	(250, 44172.0)	(251, 11880.0)																																	
SRR19621130_2	(125, 1.0)	(130, 0.0)	(135, 1.0)	(140, 1.0)	(145, 0.0)	(150, 0.0)	(155, 1.0)	(160, 2.0)	(165, 0.0)	(170, 0.0)	(175, 0.0)	(180, 0.0)	(185, 0.0)	(190, 0.0)	(195, 1.0)	(200, 2.0)	(205, 0.0)	(210, 0.0)	(215, 1.0)	(220, 2.0)	(225, 0.0)	(230, 2.0)	(235, 1.0)	(240, 1.0)	(245, 105.0)	(250, 68566.0)																		
SRR19621131_1	(241, 1.0)	(242, 0.0)	(243, 0.0)	(244, 0.0)	(245, 0.0)	(246, 1.0)	(247, 3.0)	(248, 45.0)	(249, 5183.0)	(250, 56824.0)	(251, 3571.0)																																	
SRR19621131_2	(105, 3.0)	(110, 0.0)	(115, 0.0)	(120, 0.0)	(125, 0.0)	(130, 1.0)	(135, 1.0)	(140, 0.0)	(145, 0.0)	(150, 1.0)	(155, 0.0)	(160, 0.0)	(165, 1.0)	(170, 1.0)	(175, 1.0)	(180, 3.0)	(185, 0.0)	(190, 0.0)	(195, 1.0)	(200, 0.0)	(205, 2.0)	(210, 1.0)	(215, 0.0)	(220, 0.0)	(225, 2.0)	(230, 1.0)	(235, 0.0)	(240, 1.0)	(245, 89.0)	(250, 65519.0)														
SRR19621132_1	(239, 1.0)	(240, 0.0)	(241, 0.0)	(242, 0.0)	(243, 0.0)	(244, 1.0)	(245, 0.0)	(246, 0.0)	(247, 1.0)	(248, 42.0)	(249, 1080.0)	(250, 47750.0)	(251, 1260.0)																															
SRR19621132_2	(45, 1.0)	(50, 0.0)	(55, 0.0)	(60, 0.0)	(65, 0.0)	(70, 0.0)	(75, 0.0)	(80, 0.0)	(85, 0.0)	(90, 0.0)	(95, 0.0)	(100, 0.0)	(105, 0.0)	(110, 0.0)	(115, 0.0)	(120, 1.0)	(125, 1.0)	(130, 0.0)	(135, 0.0)	(140, 0.0)	(145, 1.0)	(150, 0.0)	(155, 0.0)	(160, 2.0)	(165, 0.0)	(170, 1.0)	(175, 2.0)	(180, 0.0)	(185, 0.0)	(190, 1.0)	(195, 1.0)	(200, 0.0)	(205, 0.0)	(210, 0.0)	(215, 0.0)	(220, 1.0)	(225, 1.0)	(230, 2.0)	(235, 1.0)	(240, 1.0)	(245, 86.0)	(250, 50032.0)		
SRR19621133_1	(245, 1.0)	(246, 0.0)	(247, 1.0)	(248, 35.0)	(249, 4745.0)	(250, 47321.0)	(251, 1673.0)																																					
SRR19621133_2	(115, 1.0)	(120, 0.0)	(125, 1.0)	(130, 0.0)	(135, 0.0)	(140, 1.0)	(145, 2.0)	(150, 0.0)	(155, 1.0)	(160, 3.0)	(165, 0.0)	(170, 2.0)	(175, 0.0)	(180, 0.0)	(185, 0.0)	(190, 2.0)	(195, 1.0)	(200, 1.0)	(205, 2.0)	(210, 2.0)	(215, 2.0)	(220, 2.0)	(225, 1.0)	(230, 1.0)	(235, 1.0)	(240, 0.0)	(245, 72.0)	(250, 53678.0)																
SRR19621134_1	(245, 1.0)	(246, 0.0)	(247, 3.0)	(248, 37.0)	(249, 5146.0)	(250, 47705.0)	(251, 1509.0)																																					
SRR19621134_2	(90, 2.0)	(95, 0.0)	(100, 1.0)	(105, 1.0)	(110, 0.0)	(115, 0.0)	(120, 1.0)	(125, 2.0)	(130, 0.0)	(135, 0.0)	(140, 0.0)	(145, 0.0)	(150, 0.0)	(155, 0.0)	(160, 0.0)	(165, 1.0)	(170, 0.0)	(175, 1.0)	(180, 0.0)	(185, 0.0)	(190, 0.0)	(195, 2.0)	(200, 1.0)	(205, 1.0)	(210, 2.0)	(215, 2.0)	(220, 1.0)	(225, 0.0)	(230, 0.0)	(235, 0.0)	(240, 0.0)	(245, 83.0)	(250, 54300.0)											
SRR19621135_1	(242, 1.0)	(243, 1.0)	(244, 0.0)	(245, 1.0)	(246, 0.0)	(247, 6.0)	(248, 24.0)	(249, 1238.0)	(250, 40460.0)	(251, 2107.0)																																		
SRR19621135_2	(90, 1.0)	(95, 0.0)	(100, 0.0)	(105, 0.0)	(110, 0.0)	(115, 0.0)	(120, 0.0)	(125, 0.0)	(130, 0.0)	(135, 0.0)	(140, 1.0)	(145, 0.0)	(150, 0.0)	(155, 0.0)	(160, 0.0)	(165, 1.0)	(170, 0.0)	(175, 0.0)	(180, 1.0)	(185, 1.0)	(190, 1.0)	(195, 1.0)	(200, 0.0)	(205, 1.0)	(210, 1.0)	(215, 0.0)	(220, 1.0)	(225, 0.0)	(230, 3.0)	(235, 0.0)	(240, 2.0)	(245, 54.0)	(250, 43769.0)											
SRR19621136_1	(239, 1.0)	(240, 2.0)	(241, 1.0)	(242, 0.0)	(243, 0.0)	(244, 0.0)	(245, 0.0)	(246, 0.0)	(247, 0.0)	(248, 32.0)	(249, 2174.0)	(250, 54488.0)	(251, 3565.0)																															
SRR19621136_2	(65, 1.0)	(70, 1.0)	(75, 0.0)	(80, 1.0)	(85, 0.0)	(90, 0.0)	(95, 0.0)	(100, 0.0)	(105, 1.0)	(110, 0.0)	(115, 0.0)	(120, 0.0)	(125, 0.0)	(130, 0.0)	(135, 0.0)	(140, 0.0)	(145, 4.0)	(150, 0.0)	(155, 2.0)	(160, 0.0)	(165, 0.0)	(170, 0.0)	(175, 1.0)	(180, 1.0)	(185, 1.0)	(190, 2.0)	(195, 0.0)	(200, 0.0)	(205, 1.0)	(210, 1.0)	(215, 0.0)	(220, 2.0)	(225, 2.0)	(230, 2.0)	(235, 1.0)	(240, 3.0)	(245, 93.0)	(250, 60143.0)						
SRR19621137_1	(238, 1.0)	(239, 0.0)	(240, 0.0)	(241, 0.0)	(242, 0.0)	(243, 0.0)	(244, 0.0)	(245, 0.0)	(246, 0.0)	(247, 2.0)	(248, 34.0)	(249, 2179.0)	(250, 45141.0)	(251, 1736.0)																														
SRR19621137_2	(55, 1.0)	(60, 0.0)	(65, 0.0)	(70, 0.0)	(75, 1.0)	(80, 0.0)	(85, 1.0)	(90, 0.0)	(95, 0.0)	(100, 1.0)	(105, 0.0)	(110, 1.0)	(115, 1.0)	(120, 0.0)	(125, 1.0)	(130, 0.0)	(135, 0.0)	(140, 2.0)	(145, 0.0)	(150, 0.0)	(155, 1.0)	(160, 2.0)	(165, 1.0)	(170, 0.0)	(175, 0.0)	(180, 0.0)	(185, 0.0)	(190, 2.0)	(195, 0.0)	(200, 2.0)	(205, 1.0)	(210, 1.0)	(215, 0.0)	(220, 1.0)	(225, 0.0)	(230, 0.0)	(235, 1.0)	(240, 0.0)	(245, 74.0)	(250, 48998.0)				
SRR19621138_1	(239, 1.0)	(240, 0.0)	(241, 0.0)	(242, 1.0)	(243, 0.0)	(244, 0.0)	(245, 0.0)	(246, 0.0)	(247, 1.0)	(248, 29.0)	(249, 6100.0)	(250, 37249.0)	(251, 4639.0)																															
SRR19621138_2	(65, 1.0)	(70, 0.0)	(75, 0.0)	(80, 0.0)	(85, 0.0)	(90, 0.0)	(95, 0.0)	(100, 0.0)	(105, 0.0)	(110, 0.0)	(115, 0.0)	(120, 0.0)	(125, 1.0)	(130, 0.0)	(135, 1.0)	(140, 0.0)	(145, 1.0)	(150, 2.0)	(155, 1.0)	(160, 0.0)	(165, 1.0)	(170, 0.0)	(175, 1.0)	(180, 0.0)	(185, 0.0)	(190, 1.0)	(195, 1.0)	(200, 2.0)	(205, 1.0)	(210, 2.0)	(215, 0.0)	(220, 0.0)	(225, 0.0)	(230, 0.0)	(235, 1.0)	(240, 1.0)	(245, 78.0)	(250, 47924.0)						
SRR19621139_1	(246, 1.0)	(247, 2.0)	(248, 30.0)	(249, 1119.0)	(250, 39423.0)	(251, 948.0)																																						
SRR19621139_2	(125, 1.0)	(130, 0.0)	(135, 0.0)	(140, 0.0)	(145, 1.0)	(150, 0.0)	(155, 0.0)	(160, 0.0)	(165, 2.0)	(170, 0.0)	(175, 0.0)	(180, 1.0)	(185, 3.0)	(190, 0.0)	(195, 0.0)	(200, 0.0)	(205, 1.0)	(210, 0.0)	(215, 0.0)	(220, 1.0)	(225, 1.0)	(230, 0.0)	(235, 0.0)	(240, 0.0)	(245, 59.0)	(250, 41453.0)																		
SRR19621140_1	(237, 1.0)	(238, 0.0)	(239, 0.0)	(240, 0.0)	(241, 0.0)	(242, 0.0)	(243, 0.0)	(244, 0.0)	(245, 1.0)	(246, 0.0)	(247, 5.0)	(248, 33.0)	(249, 3313.0)	(250, 41688.0)	(251, 11132.0)																													
SRR19621140_2	(50, 1.0)	(55, 0.0)	(60, 0.0)	(65, 0.0)	(70, 0.0)	(75, 0.0)	(80, 0.0)	(85, 1.0)	(90, 0.0)	(95, 1.0)	(100, 0.0)	(105, 1.0)	(110, 0.0)	(115, 0.0)	(120, 0.0)	(125, 0.0)	(130, 0.0)	(135, 1.0)	(140, 0.0)	(145, 1.0)	(150, 1.0)	(155, 2.0)	(160, 1.0)	(165, 1.0)	(170, 0.0)	(175, 1.0)	(180, 0.0)	(185, 3.0)	(190, 3.0)	(195, 1.0)	(200, 2.0)	(205, 0.0)	(210, 1.0)	(215, 0.0)	(220, 0.0)	(225, 1.0)	(230, 0.0)	(235, 0.0)	(240, 0.0)	(245, 80.0)	(250, 56070.0)			
SRR19621141_1	(238, 1.0)	(239, 0.0)	(240, 0.0)	(241, 0.0)	(242, 1.0)	(243, 1.0)	(244, 0.0)	(245, 3.0)	(246, 1.0)	(247, 8.0)	(248, 66.0)	(249, 5990.0)	(250, 76177.0)	(251, 5126.0)																														
SRR19621141_2	(75, 1.0)	(80, 0.0)	(85, 0.0)	(90, 1.0)	(95, 0.0)	(100, 0.0)	(105, 0.0)	(110, 0.0)	(115, 1.0)	(120, 0.0)	(125, 0.0)	(130, 0.0)	(135, 2.0)	(140, 0.0)	(145, 1.0)	(150, 3.0)	(155, 2.0)	(160, 0.0)	(165, 0.0)	(170, 1.0)	(175, 4.0)	(180, 1.0)	(185, 3.0)	(190, 2.0)	(195, 0.0)	(200, 1.0)	(205, 2.0)	(210, 3.0)	(215, 1.0)	(220, 2.0)	(225, 1.0)	(230, 0.0)	(235, 1.0)	(240, 2.0)	(245, 158.0)	(250, 87181.0)								
SRR19621142_1	(240, 1.0)	(241, 0.0)	(242, 0.0)	(243, 0.0)	(244, 0.0)	(245, 1.0)	(246, 0.0)	(247, 5.0)	(248, 36.0)	(249, 3872.0)	(250, 50532.0)	(251, 5947.0)																																
SRR19621142_2	(60, 1.0)	(65, 0.0)	(70, 0.0)	(75, 1.0)	(80, 0.0)	(85, 0.0)	(90, 0.0)	(95, 0.0)	(100, 1.0)	(105, 0.0)	(110, 1.0)	(115, 2.0)	(120, 1.0)	(125, 0.0)	(130, 0.0)	(135, 0.0)	(140, 3.0)	(145, 0.0)	(150, 0.0)	(155, 0.0)	(160, 1.0)	(165, 0.0)	(170, 2.0)	(175, 0.0)	(180, 0.0)	(185, 2.0)	(190, 1.0)	(195, 2.0)	(200, 0.0)	(205, 2.0)	(210, 0.0)	(215, 0.0)	(220, 0.0)	(225, 3.0)	(230, 1.0)	(235, 0.0)	(240, 1.0)	(245, 89.0)	(250, 60280.0)					
SRR19621143_1	(239, 1.0)	(240, 0.0)	(241, 1.0)	(242, 0.0)	(243, 0.0)	(244, 0.0)	(245, 1.0)	(246, 0.0)	(247, 4.0)	(248, 28.0)	(249, 2359.0)	(250, 48343.0)	(251, 4340.0)																															
SRR19621143_2	(100, 1.0)	(105, 0.0)	(110, 0.0)	(115, 0.0)	(120, 0.0)	(125, 0.0)	(130, 0.0)	(135, 0.0)	(140, 1.0)	(145, 0.0)	(150, 0.0)	(155, 1.0)	(160, 1.0)	(165, 0.0)	(170, 0.0)	(175, 2.0)	(180, 2.0)	(185, 1.0)	(190, 0.0)	(195, 3.0)	(200, 2.0)	(205, 0.0)	(210, 1.0)	(215, 0.0)	(220, 2.0)	(225, 1.0)	(230, 1.0)	(235, 0.0)	(240, 1.0)	(245, 83.0)	(250, 54974.0)													
SRR19621144_1	(237, 2.0)	(238, 2.0)	(239, 0.0)	(240, 1.0)	(241, 0.0)	(242, 0.0)	(243, 1.0)	(244, 0.0)	(245, 3.0)	(246, 0.0)	(247, 8.0)	(248, 67.0)	(249, 3906.0)	(250, 81483.0)	(251, 4176.0)																													
SRR19621144_2	(50, 1.0)	(55, 0.0)	(60, 0.0)	(65, 0.0)	(70, 1.0)	(75, 0.0)	(80, 2.0)	(85, 1.0)	(90, 1.0)	(95, 0.0)	(100, 0.0)	(105, 1.0)	(110, 0.0)	(115, 2.0)	(120, 1.0)	(125, 0.0)	(130, 1.0)	(135, 2.0)	(140, 1.0)	(145, 1.0)	(150, 2.0)	(155, 4.0)	(160, 1.0)	(165, 0.0)	(170, 0.0)	(175, 1.0)	(180, 2.0)	(185, 1.0)	(190, 1.0)	(195, 0.0)	(200, 1.0)	(205, 0.0)	(210, 1.0)	(215, 2.0)	(220, 0.0)	(225, 2.0)	(230, 1.0)	(235, 5.0)	(240, 1.0)	(245, 159.0)	(250, 89450.0)			
SRR19621145_1	(237, 1.0)	(238, 0.0)	(239, 0.0)	(240, 0.0)	(241, 0.0)	(242, 1.0)	(243, 0.0)	(244, 0.0)	(245, 0.0)	(246, 0.0)	(247, 4.0)	(248, 31.0)	(249, 1828.0)	(250, 40348.0)	(251, 1240.0)																													
SRR19621145_2	(75, 1.0)	(80, 0.0)	(85, 0.0)	(90, 0.0)	(95, 1.0)	(100, 0.0)	(105, 0.0)	(110, 0.0)	(115, 0.0)	(120, 1.0)	(125, 1.0)	(130, 2.0)	(135, 1.0)	(140, 0.0)	(145, 0.0)	(150, 0.0)	(155, 0.0)	(160, 0.0)	(165, 1.0)	(170, 0.0)	(175, 0.0)	(180, 0.0)	(185, 0.0)	(190, 1.0)	(195, 0.0)	(200, 0.0)	(205, 0.0)	(210, 0.0)	(215, 0.0)	(220, 1.0)	(225, 0.0)	(230, 0.0)	(235, 0.0)	(240, 1.0)	(245, 74.0)	(250, 43368.0)								
SRR19621146_1	(238, 1.0)	(239, 0.0)	(240, 0.0)	(241, 0.0)	(242, 0.0)	(243, 0.0)	(244, 0.0)	(245, 0.0)	(246, 0.0)	(247, 0.0)	(248, 31.0)	(249, 3372.0)	(250, 33772.0)	(251, 1199.0)																														
SRR19621146_2	(85, 1.0)	(90, 1.0)	(95, 0.0)	(100, 0.0)	(105, 0.0)	(110, 0.0)	(115, 0.0)	(120, 1.0)	(125, 0.0)	(130, 0.0)	(135, 2.0)	(140, 0.0)	(145, 0.0)	(150, 0.0)	(155, 0.0)	(160, 0.0)	(165, 0.0)	(170, 0.0)	(175, 0.0)	(180, 2.0)	(185, 0.0)	(190, 0.0)	(195, 1.0)	(200, 1.0)	(205, 1.0)	(210, 1.0)	(215, 0.0)	(220, 1.0)	(225, 2.0)	(230, 0.0)	(235, 1.0)	(240, 0.0)	(245, 49.0)	(250, 38311.0)										
SRR19621147_1	(239, 1.0)	(240, 0.0)	(241, 0.0)	(242, 0.0)	(243, 0.0)	(244, 0.0)	(245, 0.0)	(246, 0.0)	(247, 3.0)	(248, 46.0)	(249, 2285.0)	(250, 43920.0)	(251, 1351.0)																															
SRR19621147_2	(80, 1.0)	(85, 0.0)	(90, 0.0)	(95, 0.0)	(100, 0.0)	(105, 0.0)	(110, 0.0)	(115, 0.0)	(120, 0.0)	(125, 0.0)	(130, 0.0)	(135, 1.0)	(140, 1.0)	(145, 1.0)	(150, 0.0)	(155, 0.0)	(160, 0.0)	(165, 1.0)	(170, 0.0)	(175, 2.0)	(180, 1.0)	(185, 4.0)	(190, 1.0)	(195, 0.0)	(200, 1.0)	(205, 0.0)	(210, 2.0)	(215, 2.0)	(220, 2.0)	(225, 5.0)	(230, 0.0)	(235, 1.0)	(240, 0.0)	(245, 68.0)	(250, 47512.0)									
SRR19621148_1	(247, 7.0)	(248, 37.0)	(249, 5911.0)	(250, 43953.0)	(251, 1795.0)																																							
SRR19621148_2	(90, 1.0)	(95, 0.0)	(100, 1.0)	(105, 0.0)	(110, 1.0)	(115, 0.0)	(120, 0.0)	(125, 1.0)	(130, 1.0)	(135, 0.0)	(140, 0.0)	(145, 1.0)	(150, 1.0)	(155, 1.0)	(160, 0.0)	(165, 2.0)	(170, 0.0)	(175, 1.0)	(180, 1.0)	(185, 1.0)	(190, 2.0)	(195, 1.0)	(200, 1.0)	(205, 2.0)	(210, 1.0)	(215, 0.0)	(220, 1.0)	(225, 0.0)	(230, 0.0)	(235, 0.0)	(240, 0.0)	(245, 58.0)	(250, 51624.0)											
SRR19621149_1	(243, 1.0)	(244, 0.0)	(245, 1.0)	(246, 0.0)	(247, 6.0)	(248, 40.0)	(249, 6183.0)	(250, 56029.0)	(251, 1555.0)																																			
SRR19621149_2	(90, 1.0)	(95, 0.0)	(100, 0.0)	(105, 0.0)	(110, 0.0)	(115, 1.0)	(120, 0.0)	(125, 3.0)	(130, 2.0)	(135, 1.0)	(140, 1.0)	(145, 0.0)	(150, 1.0)	(155, 1.0)	(160, 0.0)	(165, 1.0)	(170, 0.0)	(175, 1.0)	(180, 3.0)	(185, 2.0)	(190, 3.0)	(195, 1.0)	(200, 1.0)	(205, 1.0)	(210, 2.0)	(215, 1.0)	(220, 0.0)	(225, 1.0)	(230, 1.0)	(235, 0.0)	(240, 0.0)	(245, 80.0)	(250, 63706.0)											
SRR19621150_1	(241, 1.0)	(242, 0.0)	(243, 0.0)	(244, 0.0)	(245, 0.0)	(246, 1.0)	(247, 2.0)	(248, 23.0)	(249, 1278.0)	(250, 46166.0)	(251, 1192.0)																																	
SRR19621150_2	(90, 1.0)	(95, 0.0)	(100, 0.0)	(105, 1.0)	(110, 0.0)	(115, 0.0)	(120, 0.0)	(125, 0.0)	(130, 1.0)	(135, 1.0)	(140, 0.0)	(145, 0.0)	(150, 0.0)	(155, 0.0)	(160, 0.0)	(165, 0.0)	(170, 2.0)	(175, 0.0)	(180, 0.0)	(185, 0.0)	(190, 1.0)	(195, 0.0)	(200, 1.0)	(205, 2.0)	(210, 0.0)	(215, 0.0)	(220, 1.0)	(225, 1.0)	(230, 1.0)	(235, 0.0)	(240, 1.0)	(245, 69.0)	(250, 48580.0)											
SRR19621151_1	(245, 1.0)	(246, 0.0)	(247, 3.0)	(248, 25.0)	(249, 4002.0)	(250, 43129.0)	(251, 1424.0)																																					
SRR19621151_2	(115, 1.0)	(120, 0.0)	(125, 0.0)	(130, 0.0)	(135, 2.0)	(140, 0.0)	(145, 0.0)	(150, 0.0)	(155, 0.0)	(160, 1.0)	(165, 1.0)	(170, 1.0)	(175, 1.0)	(180, 1.0)	(185, 0.0)	(190, 0.0)	(195, 0.0)	(200, 0.0)	(205, 1.0)	(210, 3.0)	(215, 2.0)	(220, 0.0)	(225, 0.0)	(230, 0.0)	(235, 0.0)	(240, 0.0)	(245, 58.0)	(250, 48512.0)																
SRR19621152_1	(245, 1.0)	(246, 0.0)	(247, 0.0)	(248, 49.0)	(249, 1496.0)	(250, 50660.0)	(251, 1362.0)																																					
SRR19621152_2	(80, 1.0)	(85, 0.0)	(90, 0.0)	(95, 0.0)	(100, 0.0)	(105, 0.0)	(110, 0.0)	(115, 0.0)	(120, 1.0)	(125, 1.0)	(130, 1.0)	(135, 0.0)	(140, 0.0)	(145, 0.0)	(150, 1.0)	(155, 0.0)	(160, 2.0)	(165, 2.0)	(170, 1.0)	(175, 1.0)	(180, 2.0)	(185, 3.0)	(190, 1.0)	(195, 2.0)	(200, 0.0)	(205, 0.0)	(210, 0.0)	(215, 0.0)	(220, 1.0)	(225, 1.0)	(230, 0.0)	(235, 0.0)	(240, 0.0)	(245, 80.0)	(250, 53467.0)									
SRR19621153_1	(245, 1.0)	(246, 1.0)	(247, 3.0)	(248, 42.0)	(249, 1708.0)	(250, 51201.0)	(251, 1546.0)																																					
SRR19621153_2	(115, 1.0)	(120, 0.0)	(125, 0.0)	(130, 1.0)	(135, 0.0)	(140, 1.0)	(145, 1.0)	(150, 0.0)	(155, 2.0)	(160, 0.0)	(165, 1.0)	(170, 0.0)	(175, 3.0)	(180, 1.0)	(185, 1.0)	(190, 1.0)	(195, 1.0)	(200, 1.0)	(205, 0.0)	(210, 1.0)	(215, 1.0)	(220, 1.0)	(225, 4.0)	(230, 0.0)	(235, 0.0)	(240, 0.0)	(245, 93.0)	(250, 54387.0)																
SRR19621154_1	(239, 1.0)	(240, 0.0)	(241, 0.0)	(242, 0.0)	(243, 0.0)	(244, 0.0)	(245, 2.0)	(246, 0.0)	(247, 2.0)	(248, 29.0)	(249, 4723.0)	(250, 46652.0)	(251, 1470.0)																															
SRR19621154_2	(80, 1.0)	(85, 0.0)	(90, 0.0)	(95, 0.0)	(100, 0.0)	(105, 0.0)	(110, 1.0)	(115, 0.0)	(120, 1.0)	(125, 0.0)	(130, 0.0)	(135, 0.0)	(140, 0.0)	(145, 1.0)	(150, 1.0)	(155, 0.0)	(160, 1.0)	(165, 2.0)	(170, 0.0)	(175, 1.0)	(180, 0.0)	(185, 1.0)	(190, 0.0)	(195, 2.0)	(200, 1.0)	(205, 0.0)	(210, 0.0)	(215, 0.0)	(220, 0.0)	(225, 0.0)	(230, 0.0)	(235, 2.0)	(240, 0.0)	(245, 80.0)	(250, 52784.0)									
SRR19621155_1	(237, 1.0)	(238, 0.0)	(239, 0.0)	(240, 0.0)	(241, 0.0)	(242, 0.0)	(243, 0.0)	(244, 1.0)	(245, 0.0)	(246, 0.0)	(247, 1.0)	(248, 30.0)	(249, 5144.0)	(250, 47258.0)	(251, 1179.0)																													
SRR19621155_2	(95, 1.0)	(100, 0.0)	(105, 0.0)	(110, 0.0)	(115, 0.0)	(120, 0.0)	(125, 0.0)	(130, 0.0)	(135, 0.0)	(140, 1.0)	(145, 1.0)	(150, 2.0)	(155, 1.0)	(160, 0.0)	(165, 1.0)	(170, 1.0)	(175, 2.0)	(180, 1.0)	(185, 1.0)	(190, 1.0)	(195, 1.0)	(200, 0.0)	(205, 0.0)	(210, 0.0)	(215, 1.0)	(220, 4.0)	(225, 1.0)	(230, 0.0)	(235, 2.0)	(240, 1.0)	(245, 95.0)	(250, 53496.0)												
SRR19621156_1	(239, 1.0)	(240, 1.0)	(241, 0.0)	(242, 0.0)	(243, 0.0)	(244, 0.0)	(245, 1.0)	(246, 0.0)	(247, 2.0)	(248, 27.0)	(249, 7549.0)	(250, 46857.0)	(251, 1755.0)																															
SRR19621156_2	(85, 1.0)	(90, 0.0)	(95, 1.0)	(100, 0.0)	(105, 0.0)	(110, 1.0)	(115, 0.0)	(120, 1.0)	(125, 0.0)	(130, 0.0)	(135, 0.0)	(140, 0.0)	(145, 1.0)	(150, 0.0)	(155, 0.0)	(160, 0.0)	(165, 1.0)	(170, 0.0)	(175, 0.0)	(180, 1.0)	(185, 0.0)	(190, 0.0)	(195, 0.0)	(200, 1.0)	(205, 0.0)	(210, 0.0)	(215, 1.0)	(220, 0.0)	(225, 0.0)	(230, 0.0)	(235, 1.0)	(240, 1.0)	(245, 62.0)	(250, 56120.0)										
SRR19621157_1	(243, 1.0)	(244, 0.0)	(245, 0.0)	(246, 0.0)	(247, 2.0)	(248, 24.0)	(249, 4621.0)	(250, 40666.0)	(251, 2036.0)																																			
SRR19621157_2	(135, 1.0)	(140, 0.0)	(145, 0.0)	(150, 1.0)	(155, 1.0)	(160, 0.0)	(165, 0.0)	(170, 1.0)	(175, 1.0)	(180, 0.0)	(185, 3.0)	(190, 2.0)	(195, 2.0)	(200, 0.0)	(205, 1.0)	(210, 0.0)	(215, 1.0)	(220, 1.0)	(225, 0.0)	(230, 1.0)	(235, 0.0)	(240, 1.0)	(245, 47.0)	(250, 47286.0)																				
SRR19621158_1	(238, 1.0)	(239, 0.0)	(240, 0.0)	(241, 0.0)	(242, 0.0)	(243, 0.0)	(244, 0.0)	(245, 0.0)	(246, 0.0)	(247, 4.0)	(248, 53.0)	(249, 8260.0)	(250, 53243.0)	(251, 1527.0)																														
SRR19621158_2	(105, 2.0)	(110, 1.0)	(115, 0.0)	(120, 0.0)	(125, 1.0)	(130, 1.0)	(135, 1.0)	(140, 0.0)	(145, 2.0)	(150, 2.0)	(155, 0.0)	(160, 1.0)	(165, 0.0)	(170, 0.0)	(175, 0.0)	(180, 1.0)	(185, 0.0)	(190, 1.0)	(195, 2.0)	(200, 0.0)	(205, 1.0)	(210, 0.0)	(215, 0.0)	(220, 0.0)	(225, 0.0)	(230, 4.0)	(235, 1.0)	(240, 0.0)	(245, 93.0)	(250, 62974.0)														
SRR19621159_1	(237, 1.0)	(238, 0.0)	(239, 0.0)	(240, 0.0)	(241, 1.0)	(242, 1.0)	(243, 0.0)	(244, 1.0)	(245, 1.0)	(246, 2.0)	(247, 13.0)	(248, 106.0)	(249, 37022.0)	(250, 124659.0)	(251, 4252.0)																													
SRR19621159_2	(50, 1.0)	(55, 1.0)	(60, 1.0)	(65, 0.0)	(70, 0.0)	(75, 0.0)	(80, 0.0)	(85, 0.0)	(90, 0.0)	(95, 1.0)	(100, 0.0)	(105, 0.0)	(110, 1.0)	(115, 1.0)	(120, 0.0)	(125, 1.0)	(130, 0.0)	(135, 1.0)	(140, 0.0)	(145, 2.0)	(150, 1.0)	(155, 1.0)	(160, 4.0)	(165, 2.0)	(170, 1.0)	(175, 2.0)	(180, 3.0)	(185, 2.0)	(190, 4.0)	(195, 5.0)	(200, 5.0)	(205, 4.0)	(210, 0.0)	(215, 3.0)	(220, 2.0)	(225, 5.0)	(230, 0.0)	(235, 1.0)	(240, 3.0)	(245, 244.0)	(250, 165757.0)			
SRR19621160_1	(237, 1.0)	(238, 0.0)	(239, 0.0)	(240, 0.0)	(241, 0.0)	(242, 0.0)	(243, 0.0)	(244, 0.0)	(245, 0.0)	(246, 1.0)	(247, 6.0)	(248, 29.0)	(249, 4117.0)	(250, 39784.0)	(251, 1247.0)																													
SRR19621160_2	(90, 1.0)	(95, 0.0)	(100, 0.0)	(105, 0.0)	(110, 0.0)	(115, 0.0)	(120, 2.0)	(125, 0.0)	(130, 0.0)	(135, 0.0)	(140, 0.0)	(145, 0.0)	(150, 1.0)	(155, 0.0)	(160, 3.0)	(165, 1.0)	(170, 1.0)	(175, 1.0)	(180, 0.0)	(185, 0.0)	(190, 0.0)	(195, 0.0)	(200, 0.0)	(205, 0.0)	(210, 1.0)	(215, 0.0)	(220, 1.0)	(225, 0.0)	(230, 1.0)	(235, 1.0)	(240, 0.0)	(245, 64.0)	(250, 45107.0)											
SRR19621161_1	(240, 1.0)	(241, 0.0)	(242, 0.0)	(243, 1.0)	(244, 1.0)	(245, 1.0)	(246, 0.0)	(247, 3.0)	(248, 25.0)	(249, 1829.0)	(250, 41040.0)	(251, 1103.0)																																
SRR19621161_2	(55, 1.0)	(60, 0.0)	(65, 0.0)	(70, 0.0)	(75, 0.0)	(80, 0.0)	(85, 0.0)	(90, 0.0)	(95, 0.0)	(100, 0.0)	(105, 0.0)	(110, 0.0)	(115, 0.0)	(120, 1.0)	(125, 0.0)	(130, 0.0)	(135, 0.0)	(140, 0.0)	(145, 0.0)	(150, 1.0)	(155, 1.0)	(160, 1.0)	(165, 2.0)	(170, 0.0)	(175, 0.0)	(180, 0.0)	(185, 0.0)	(190, 3.0)	(195, 0.0)	(200, 0.0)	(205, 0.0)	(210, 0.0)	(215, 1.0)	(220, 0.0)	(225, 1.0)	(230, 0.0)	(235, 1.0)	(240, 3.0)	(245, 73.0)	(250, 43915.0)				
SRR19621162_1	(241, 1.0)	(242, 0.0)	(243, 0.0)	(244, 0.0)	(245, 0.0)	(246, 1.0)	(247, 2.0)	(248, 28.0)	(249, 10888.0)	(250, 31167.0)	(251, 1742.0)																																	
SRR19621162_2	(95, 1.0)	(100, 0.0)	(105, 1.0)	(110, 0.0)	(115, 0.0)	(120, 1.0)	(125, 0.0)	(130, 0.0)	(135, 1.0)	(140, 0.0)	(145, 0.0)	(150, 0.0)	(155, 0.0)	(160, 2.0)	(165, 0.0)	(170, 1.0)	(175, 1.0)	(180, 0.0)	(185, 0.0)	(190, 1.0)	(195, 3.0)	(200, 1.0)	(205, 1.0)	(210, 0.0)	(215, 1.0)	(220, 1.0)	(225, 0.0)	(230, 0.0)	(235, 0.0)	(240, 1.0)	(245, 58.0)	(250, 43754.0)												
SRR19621163_1	(238, 1.0)	(239, 0.0)	(240, 0.0)	(241, 0.0)	(242, 0.0)	(243, 0.0)	(244, 0.0)	(245, 3.0)	(246, 0.0)	(247, 2.0)	(248, 37.0)	(249, 16197.0)	(250, 45336.0)	(251, 2066.0)																														
SRR19621163_2	(50, 1.0)	(55, 0.0)	(60, 0.0)	(65, 1.0)	(70, 0.0)	(75, 0.0)	(80, 0.0)	(85, 0.0)	(90, 0.0)	(95, 0.0)	(100, 1.0)	(105, 0.0)	(110, 0.0)	(115, 2.0)	(120, 0.0)	(125, 0.0)	(130, 0.0)	(135, 0.0)	(140, 3.0)	(145, 0.0)	(150, 0.0)	(155, 1.0)	(160, 0.0)	(165, 0.0)	(170, 0.0)	(175, 2.0)	(180, 0.0)	(185, 1.0)	(190, 2.0)	(195, 1.0)	(200, 1.0)	(205, 2.0)	(210, 0.0)	(215, 2.0)	(220, 0.0)	(225, 0.0)	(230, 1.0)	(235, 1.0)	(240, 0.0)	(245, 77.0)	(250, 63543.0)			
SRR19621164_1	(238, 1.0)	(239, 0.0)	(240, 0.0)	(241, 0.0)	(242, 0.0)	(243, 0.0)	(244, 0.0)	(245, 3.0)	(246, 0.0)	(247, 4.0)	(248, 36.0)	(249, 13508.0)	(250, 28506.0)	(251, 3781.0)																														
SRR19621164_2	(75, 1.0)	(80, 0.0)	(85, 0.0)	(90, 0.0)	(95, 0.0)	(100, 0.0)	(105, 0.0)	(110, 0.0)	(115, 0.0)	(120, 1.0)	(125, 1.0)	(130, 0.0)	(135, 1.0)	(140, 0.0)	(145, 0.0)	(150, 1.0)	(155, 0.0)	(160, 0.0)	(165, 1.0)	(170, 0.0)	(175, 1.0)	(180, 1.0)	(185, 1.0)	(190, 2.0)	(195, 2.0)	(200, 0.0)	(205, 1.0)	(210, 2.0)	(215, 1.0)	(220, 0.0)	(225, 1.0)	(230, 0.0)	(235, 1.0)	(240, 0.0)	(245, 76.0)	(250, 45744.0)								
SRR19621165_1	(237, 1.0)	(238, 0.0)	(239, 0.0)	(240, 1.0)	(241, 0.0)	(242, 0.0)	(243, 0.0)	(244, 1.0)	(245, 0.0)	(246, 1.0)	(247, 4.0)	(248, 42.0)	(249, 3427.0)	(250, 59203.0)	(251, 1942.0)																													
SRR19621165_2	(90, 1.0)	(95, 0.0)	(100, 0.0)	(105, 0.0)	(110, 0.0)	(115, 1.0)	(120, 2.0)	(125, 1.0)	(130, 0.0)	(135, 1.0)	(140, 1.0)	(145, 0.0)	(150, 2.0)	(155, 1.0)	(160, 2.0)	(165, 2.0)	(170, 1.0)	(175, 4.0)	(180, 2.0)	(185, 0.0)	(190, 2.0)	(195, 0.0)	(200, 3.0)	(205, 1.0)	(210, 0.0)	(215, 0.0)	(220, 1.0)	(225, 0.0)	(230, 2.0)	(235, 3.0)	(240, 2.0)	(245, 86.0)	(250, 64501.0)											
SRR19621166_1	(244, 1.0)	(245, 2.0)	(246, 0.0)	(247, 1.0)	(248, 27.0)	(249, 3826.0)	(250, 49545.0)	(251, 1823.0)																																				
SRR19621166_2	(65, 1.0)	(70, 0.0)	(75, 1.0)	(80, 0.0)	(85, 0.0)	(90, 0.0)	(95, 0.0)	(100, 0.0)	(105, 0.0)	(110, 1.0)	(115, 0.0)	(120, 0.0)	(125, 0.0)	(130, 0.0)	(135, 0.0)	(140, 0.0)	(145, 0.0)	(150, 1.0)	(155, 1.0)	(160, 0.0)	(165, 0.0)	(170, 0.0)	(175, 0.0)	(180, 1.0)	(185, 1.0)	(190, 2.0)	(195, 2.0)	(200, 1.0)	(205, 0.0)	(210, 1.0)	(215, 0.0)	(220, 1.0)	(225, 4.0)	(230, 1.0)	(235, 1.0)	(240, 1.0)	(245, 86.0)	(250, 55118.0)						
SRR19621167_1	(237, 1.0)	(238, 0.0)	(239, 0.0)	(240, 0.0)	(241, 0.0)	(242, 1.0)	(243, 0.0)	(244, 0.0)	(245, 0.0)	(246, 0.0)	(247, 2.0)	(248, 28.0)	(249, 5975.0)	(250, 39188.0)	(251, 1392.0)																													
SRR19621167_2	(120, 1.0)	(125, 0.0)	(130, 1.0)	(135, 0.0)	(140, 0.0)	(145, 0.0)	(150, 0.0)	(155, 1.0)	(160, 2.0)	(165, 1.0)	(170, 0.0)	(175, 0.0)	(180, 2.0)	(185, 1.0)	(190, 0.0)	(195, 4.0)	(200, 0.0)	(205, 1.0)	(210, 1.0)	(215, 1.0)	(220, 1.0)	(225, 0.0)	(230, 0.0)	(235, 1.0)	(240, 1.0)	(245, 76.0)	(250, 46492.0)																	
SRR19621168_1	(242, 1.0)	(243, 0.0)	(244, 0.0)	(245, 0.0)	(246, 0.0)	(247, 2.0)	(248, 21.0)	(249, 12220.0)	(250, 37607.0)	(251, 2341.0)																																		
SRR19621168_2	(135, 3.0)	(140, 1.0)	(145, 0.0)	(150, 1.0)	(155, 0.0)	(160, 0.0)	(165, 0.0)	(170, 1.0)	(175, 1.0)	(180, 1.0)	(185, 0.0)	(190, 3.0)	(195, 0.0)	(200, 0.0)	(205, 1.0)	(210, 1.0)	(215, 0.0)	(220, 0.0)	(225, 2.0)	(230, 1.0)	(235, 0.0)	(240, 1.0)	(245, 65.0)	(250, 52110.0)																				
SRR19621169_1	(241, 1.0)	(242, 0.0)	(243, 0.0)	(244, 0.0)	(245, 1.0)	(246, 0.0)	(247, 3.0)	(248, 26.0)	(249, 10842.0)	(250, 36674.0)	(251, 2824.0)																																	
SRR19621169_2	(75, 1.0)	(80, 0.0)	(85, 1.0)	(90, 0.0)	(95, 0.0)	(100, 0.0)	(105, 0.0)	(110, 1.0)	(115, 0.0)	(120, 0.0)	(125, 0.0)	(130, 0.0)	(135, 0.0)	(140, 1.0)	(145, 2.0)	(150, 0.0)	(155, 2.0)	(160, 1.0)	(165, 0.0)	(170, 1.0)	(175, 1.0)	(180, 0.0)	(185, 1.0)	(190, 1.0)	(195, 0.0)	(200, 1.0)	(205, 0.0)	(210, 1.0)	(215, 2.0)	(220, 1.0)	(225, 0.0)	(230, 0.0)	(235, 1.0)	(240, 0.0)	(245, 64.0)	(250, 50288.0)								
SRR19621170_1	(237, 1.0)	(238, 0.0)	(239, 0.0)	(240, 1.0)	(241, 0.0)	(242, 0.0)	(243, 0.0)	(244, 1.0)	(245, 2.0)	(246, 0.0)	(247, 3.0)	(248, 44.0)	(249, 5916.0)	(250, 52513.0)	(251, 3809.0)																													
SRR19621170_2	(60, 1.0)	(65, 0.0)	(70, 1.0)	(75, 0.0)	(80, 0.0)	(85, 0.0)	(90, 0.0)	(95, 0.0)	(100, 1.0)	(105, 0.0)	(110, 0.0)	(115, 0.0)	(120, 0.0)	(125, 2.0)	(130, 0.0)	(135, 1.0)	(140, 0.0)	(145, 2.0)	(150, 1.0)	(155, 1.0)	(160, 1.0)	(165, 1.0)	(170, 0.0)	(175, 0.0)	(180, 2.0)	(185, 1.0)	(190, 1.0)	(195, 0.0)	(200, 2.0)	(205, 0.0)	(210, 3.0)	(215, 0.0)	(220, 4.0)	(225, 2.0)	(230, 1.0)	(235, 1.0)	(240, 2.0)	(245, 107.0)	(250, 62152.0)					
SRR19621171_1	(240, 2.0)	(241, 0.0)	(242, 0.0)	(243, 0.0)	(244, 0.0)	(245, 0.0)	(246, 0.0)	(247, 2.0)	(248, 19.0)	(249, 5345.0)	(250, 30918.0)	(251, 1675.0)																																
SRR19621171_2	(115, 2.0)	(120, 0.0)	(125, 0.0)	(130, 1.0)	(135, 0.0)	(140, 0.0)	(145, 0.0)	(150, 0.0)	(155, 0.0)	(160, 0.0)	(165, 1.0)	(170, 1.0)	(175, 0.0)	(180, 1.0)	(185, 0.0)	(190, 0.0)	(195, 0.0)	(200, 0.0)	(205, 0.0)	(210, 0.0)	(215, 1.0)	(220, 1.0)	(225, 1.0)	(230, 2.0)	(235, 0.0)	(240, 2.0)	(245, 61.0)	(250, 37887.0)																
SRR19621172_1	(245, 1.0)	(246, 1.0)	(247, 2.0)	(248, 27.0)	(249, 3177.0)	(250, 36857.0)	(251, 1021.0)																																					
SRR19621172_2	(85, 1.0)	(90, 0.0)	(95, 0.0)	(100, 0.0)	(105, 0.0)	(110, 0.0)	(115, 0.0)	(120, 0.0)	(125, 0.0)	(130, 2.0)	(135, 0.0)	(140, 0.0)	(145, 0.0)	(150, 0.0)	(155, 2.0)	(160, 1.0)	(165, 0.0)	(170, 0.0)	(175, 0.0)	(180, 1.0)	(185, 0.0)	(190, 0.0)	(195, 0.0)	(200, 0.0)	(205, 1.0)	(210, 2.0)	(215, 1.0)	(220, 2.0)	(225, 1.0)	(230, 2.0)	(235, 0.0)	(240, 0.0)	(245, 44.0)	(250, 41026.0)										
SRR19621173_1	(238, 2.0)	(239, 0.0)	(240, 0.0)	(241, 0.0)	(242, 0.0)	(243, 0.0)	(244, 0.0)	(245, 0.0)	(246, 0.0)	(247, 11.0)	(248, 51.0)	(249, 4379.0)	(250, 55192.0)	(251, 2897.0)																														
SRR19621173_2	(95, 1.0)	(100, 0.0)	(105, 1.0)	(110, 0.0)	(115, 0.0)	(120, 0.0)	(125, 0.0)	(130, 0.0)	(135, 0.0)	(140, 1.0)	(145, 1.0)	(150, 2.0)	(155, 0.0)	(160, 0.0)	(165, 0.0)	(170, 3.0)	(175, 1.0)	(180, 3.0)	(185, 1.0)	(190, 0.0)	(195, 1.0)	(200, 1.0)	(205, 2.0)	(210, 1.0)	(215, 1.0)	(220, 1.0)	(225, 0.0)	(230, 0.0)	(235, 3.0)	(240, 0.0)	(245, 119.0)	(250, 62389.0)												
SRR19621174_1	(237, 1.0)	(238, 0.0)	(239, 0.0)	(240, 0.0)	(241, 1.0)	(242, 0.0)	(243, 0.0)	(244, 0.0)	(245, 0.0)	(246, 0.0)	(247, 3.0)	(248, 33.0)	(249, 3668.0)	(250, 48442.0)	(251, 2054.0)																													
SRR19621174_2	(85, 1.0)	(90, 0.0)	(95, 0.0)	(100, 0.0)	(105, 0.0)	(110, 0.0)	(115, 2.0)	(120, 1.0)	(125, 1.0)	(130, 0.0)	(135, 0.0)	(140, 0.0)	(145, 0.0)	(150, 0.0)	(155, 1.0)	(160, 0.0)	(165, 1.0)	(170, 0.0)	(175, 0.0)	(180, 1.0)	(185, 0.0)	(190, 1.0)	(195, 0.0)	(200, 1.0)	(205, 1.0)	(210, 1.0)	(215, 2.0)	(220, 1.0)	(225, 2.0)	(230, 0.0)	(235, 1.0)	(240, 1.0)	(245, 97.0)	(250, 54086.0)										
SRR19621175_1	(246, 1.0)	(247, 4.0)	(248, 48.0)	(249, 6266.0)	(250, 65307.0)	(251, 1871.0)																																						
SRR19621175_2	(35, 1.0)	(40, 0.0)	(45, 0.0)	(50, 0.0)	(55, 0.0)	(60, 0.0)	(65, 0.0)	(70, 0.0)	(75, 0.0)	(80, 1.0)	(85, 0.0)	(90, 0.0)	(95, 0.0)	(100, 0.0)	(105, 0.0)	(110, 3.0)	(115, 0.0)	(120, 0.0)	(125, 0.0)	(130, 2.0)	(135, 2.0)	(140, 1.0)	(145, 0.0)	(150, 1.0)	(155, 0.0)	(160, 1.0)	(165, 1.0)	(170, 2.0)	(175, 0.0)	(180, 1.0)	(185, 2.0)	(190, 0.0)	(195, 1.0)	(200, 0.0)	(205, 3.0)	(210, 3.0)	(215, 4.0)	(220, 0.0)	(225, 1.0)	(230, 0.0)	(235, 0.0)	(240, 0.0)	(245, 125.0)	(250, 73342.0)
SRR19621176_1	(247, 4.0)	(248, 23.0)	(249, 7155.0)	(250, 47736.0)	(251, 1474.0)																																							
SRR19621176_2	(60, 1.0)	(65, 0.0)	(70, 0.0)	(75, 0.0)	(80, 0.0)	(85, 0.0)	(90, 0.0)	(95, 0.0)	(100, 0.0)	(105, 0.0)	(110, 0.0)	(115, 0.0)	(120, 0.0)	(125, 0.0)	(130, 0.0)	(135, 0.0)	(140, 0.0)	(145, 0.0)	(150, 1.0)	(155, 2.0)	(160, 1.0)	(165, 1.0)	(170, 3.0)	(175, 1.0)	(180, 2.0)	(185, 1.0)	(190, 0.0)	(195, 2.0)	(200, 0.0)	(205, 0.0)	(210, 1.0)	(215, 0.0)	(220, 0.0)	(225, 0.0)	(230, 0.0)	(235, 1.0)	(240, 0.0)	(245, 83.0)	(250, 56292.0)					
SRR19621177_1	(245, 1.0)	(246, 0.0)	(247, 4.0)	(248, 27.0)	(249, 7981.0)	(250, 44751.0)	(251, 1358.0)																																					
SRR19621177_2	(35, 1.0)	(40, 0.0)	(45, 0.0)	(50, 0.0)	(55, 0.0)	(60, 0.0)	(65, 0.0)	(70, 0.0)	(75, 0.0)	(80, 0.0)	(85, 0.0)	(90, 0.0)	(95, 0.0)	(100, 1.0)	(105, 0.0)	(110, 0.0)	(115, 0.0)	(120, 0.0)	(125, 2.0)	(130, 0.0)	(135, 2.0)	(140, 0.0)	(145, 0.0)	(150, 2.0)	(155, 1.0)	(160, 0.0)	(165, 0.0)	(170, 1.0)	(175, 1.0)	(180, 0.0)	(185, 0.0)	(190, 0.0)	(195, 2.0)	(200, 1.0)	(205, 2.0)	(210, 0.0)	(215, 0.0)	(220, 1.0)	(225, 0.0)	(230, 0.0)	(235, 1.0)	(240, 0.0)	(245, 87.0)	(250, 54017.0)
SRR19621178_1	(239, 2.0)	(240, 1.0)	(241, 0.0)	(242, 0.0)	(243, 1.0)	(244, 0.0)	(245, 1.0)	(246, 0.0)	(247, 3.0)	(248, 33.0)	(249, 8095.0)	(250, 42089.0)	(251, 3251.0)																															
SRR19621178_2	(100, 1.0)	(105, 0.0)	(110, 0.0)	(115, 0.0)	(120, 1.0)	(125, 1.0)	(130, 0.0)	(135, 0.0)	(140, 1.0)	(145, 0.0)	(150, 1.0)	(155, 0.0)	(160, 1.0)	(165, 0.0)	(170, 0.0)	(175, 0.0)	(180, 3.0)	(185, 0.0)	(190, 1.0)	(195, 3.0)	(200, 2.0)	(205, 2.0)	(210, 2.0)	(215, 0.0)	(220, 1.0)	(225, 0.0)	(230, 2.0)	(235, 3.0)	(240, 1.0)	(245, 77.0)	(250, 53373.0)													
SRR19621179_1	(247, 4.0)	(248, 28.0)	(249, 7457.0)	(250, 32545.0)	(251, 4038.0)																																							
SRR19621179_2	(105, 1.0)	(110, 0.0)	(115, 0.0)	(120, 1.0)	(125, 1.0)	(130, 1.0)	(135, 0.0)	(140, 0.0)	(145, 2.0)	(150, 0.0)	(155, 1.0)	(160, 0.0)	(165, 1.0)	(170, 2.0)	(175, 0.0)	(180, 2.0)	(185, 0.0)	(190, 0.0)	(195, 0.0)	(200, 1.0)	(205, 1.0)	(210, 0.0)	(215, 0.0)	(220, 1.0)	(225, 0.0)	(230, 1.0)	(235, 0.0)	(240, 0.0)	(245, 73.0)	(250, 43983.0)														
SRR19621180_1	(240, 1.0)	(241, 0.0)	(242, 2.0)	(243, 0.0)	(244, 0.0)	(245, 0.0)	(246, 1.0)	(247, 1.0)	(248, 63.0)	(249, 2358.0)	(250, 76568.0)	(251, 2095.0)																																
SRR19621180_2	(85, 1.0)	(90, 1.0)	(95, 0.0)	(100, 0.0)	(105, 0.0)	(110, 1.0)	(115, 3.0)	(120, 0.0)	(125, 1.0)	(130, 1.0)	(135, 2.0)	(140, 0.0)	(145, 1.0)	(150, 2.0)	(155, 1.0)	(160, 0.0)	(165, 0.0)	(170, 1.0)	(175, 2.0)	(180, 0.0)	(185, 1.0)	(190, 2.0)	(195, 1.0)	(200, 1.0)	(205, 3.0)	(210, 1.0)	(215, 4.0)	(220, 2.0)	(225, 0.0)	(230, 2.0)	(235, 0.0)	(240, 1.0)	(245, 97.0)	(250, 80957.0)										
SRR19621181_1	(237, 2.0)	(238, 4.0)	(239, 0.0)	(240, 0.0)	(241, 2.0)	(242, 0.0)	(243, 3.0)	(244, 2.0)	(245, 6.0)	(246, 1.0)	(247, 33.0)	(248, 304.0)	(249, 85266.0)	(250, 361572.0)	(251, 23653.0)																													
SRR19621181_2	(45, 2.0)	(50, 0.0)	(55, 0.0)	(60, 0.0)	(65, 0.0)	(70, 0.0)	(75, 0.0)	(80, 2.0)	(85, 1.0)	(90, 5.0)	(95, 1.0)	(100, 3.0)	(105, 1.0)	(110, 2.0)	(115, 2.0)	(120, 1.0)	(125, 3.0)	(130, 5.0)	(135, 3.0)	(140, 3.0)	(145, 4.0)	(150, 9.0)	(155, 5.0)	(160, 4.0)	(165, 10.0)	(170, 6.0)	(175, 10.0)	(180, 9.0)	(185, 10.0)	(190, 6.0)	(195, 11.0)	(200, 4.0)	(205, 8.0)	(210, 9.0)	(215, 5.0)	(220, 3.0)	(225, 5.0)	(230, 6.0)	(235, 8.0)	(240, 7.0)	(245, 1103.0)	(250, 469572.0)		
SRR19621182_1	(239, 1.0)	(240, 0.0)	(241, 1.0)	(242, 0.0)	(243, 0.0)	(244, 1.0)	(245, 1.0)	(246, 0.0)	(247, 3.0)	(248, 55.0)	(249, 3171.0)	(250, 70309.0)	(251, 1877.0)																															
SRR19621182_2	(55, 1.0)	(60, 0.0)	(65, 0.0)	(70, 0.0)	(75, 1.0)	(80, 0.0)	(85, 0.0)	(90, 0.0)	(95, 1.0)	(100, 0.0)	(105, 0.0)	(110, 1.0)	(115, 3.0)	(120, 0.0)	(125, 0.0)	(130, 0.0)	(135, 0.0)	(140, 0.0)	(145, 1.0)	(150, 1.0)	(155, 1.0)	(160, 2.0)	(165, 1.0)	(170, 1.0)	(175, 3.0)	(180, 2.0)	(185, 5.0)	(190, 2.0)	(195, 3.0)	(200, 0.0)	(205, 3.0)	(210, 2.0)	(215, 1.0)	(220, 1.0)	(225, 4.0)	(230, 2.0)	(235, 2.0)	(240, 2.0)	(245, 98.0)	(250, 75275.0)				
SRR19621183_1	(238, 1.0)	(239, 1.0)	(240, 0.0)	(241, 0.0)	(242, 0.0)	(243, 0.0)	(244, 1.0)	(245, 0.0)	(246, 0.0)	(247, 2.0)	(248, 28.0)	(249, 3020.0)	(250, 42981.0)	(251, 1178.0)																														
SRR19621183_2	(115, 1.0)	(120, 0.0)	(125, 3.0)	(130, 0.0)	(135, 1.0)	(140, 1.0)	(145, 0.0)	(150, 1.0)	(155, 0.0)	(160, 1.0)	(165, 1.0)	(170, 1.0)	(175, 1.0)	(180, 0.0)	(185, 0.0)	(190, 2.0)	(195, 1.0)	(200, 2.0)	(205, 0.0)	(210, 1.0)	(215, 0.0)	(220, 0.0)	(225, 3.0)	(230, 0.0)	(235, 2.0)	(240, 1.0)	(245, 67.0)	(250, 47122.0)																
SRR19621184_1	(241, 2.0)	(242, 0.0)	(243, 1.0)	(244, 0.0)	(245, 0.0)	(246, 0.0)	(247, 4.0)	(248, 38.0)	(249, 2525.0)	(250, 47961.0)	(251, 1273.0)																																	
SRR19621184_2	(70, 1.0)	(75, 1.0)	(80, 0.0)	(85, 0.0)	(90, 0.0)	(95, 0.0)	(100, 0.0)	(105, 0.0)	(110, 1.0)	(115, 0.0)	(120, 0.0)	(125, 0.0)	(130, 1.0)	(135, 0.0)	(140, 1.0)	(145, 1.0)	(150, 0.0)	(155, 0.0)	(160, 1.0)	(165, 3.0)	(170, 1.0)	(175, 1.0)	(180, 0.0)	(185, 0.0)	(190, 0.0)	(195, 1.0)	(200, 0.0)	(205, 1.0)	(210, 1.0)	(215, 1.0)	(220, 3.0)	(225, 1.0)	(230, 3.0)	(235, 0.0)	(240, 3.0)	(245, 72.0)	(250, 51706.0)							
SRR19621185_1	(239, 1.0)	(240, 0.0)	(241, 0.0)	(242, 0.0)	(243, 0.0)	(244, 0.0)	(245, 0.0)	(246, 1.0)	(247, 0.0)	(248, 8.0)	(249, 802.0)	(250, 8290.0)	(251, 410.0)																															
SRR19621185_2	(145, 1.0)	(150, 0.0)	(155, 0.0)	(160, 0.0)	(165, 0.0)	(170, 0.0)	(175, 1.0)	(180, 0.0)	(185, 0.0)	(190, 0.0)	(195, 0.0)	(200, 0.0)	(205, 0.0)	(210, 0.0)	(215, 1.0)	(220, 0.0)	(225, 1.0)	(230, 0.0)	(235, 1.0)	(240, 0.0)	(245, 21.0)	(250, 9486.0)																						
SRR19621186_1	(240, 1.0)	(241, 0.0)	(242, 0.0)	(243, 0.0)	(244, 1.0)	(245, 2.0)	(246, 0.0)	(247, 2.0)	(248, 44.0)	(249, 1823.0)	(250, 46935.0)	(251, 1534.0)																																
SRR19621186_2	(95, 1.0)	(100, 1.0)	(105, 0.0)	(110, 0.0)	(115, 0.0)	(120, 0.0)	(125, 0.0)	(130, 0.0)	(135, 0.0)	(140, 0.0)	(145, 0.0)	(150, 1.0)	(155, 1.0)	(160, 0.0)	(165, 1.0)	(170, 1.0)	(175, 1.0)	(180, 0.0)	(185, 1.0)	(190, 0.0)	(195, 1.0)	(200, 0.0)	(205, 0.0)	(210, 0.0)	(215, 0.0)	(220, 1.0)	(225, 2.0)	(230, 1.0)	(235, 0.0)	(240, 2.0)	(245, 98.0)	(250, 50229.0)												
SRR19621187_1	(239, 1.0)	(240, 1.0)	(241, 0.0)	(242, 0.0)	(243, 0.0)	(244, 1.0)	(245, 1.0)	(246, 0.0)	(247, 4.0)	(248, 32.0)	(249, 7095.0)	(250, 41105.0)	(251, 1636.0)																															
SRR19621187_2	(90, 1.0)	(95, 0.0)	(100, 0.0)	(105, 0.0)	(110, 1.0)	(115, 0.0)	(120, 0.0)	(125, 1.0)	(130, 1.0)	(135, 0.0)	(140, 1.0)	(145, 1.0)	(150, 1.0)	(155, 1.0)	(160, 0.0)	(165, 1.0)	(170, 0.0)	(175, 3.0)	(180, 1.0)	(185, 0.0)	(190, 4.0)	(195, 1.0)	(200, 0.0)	(205, 2.0)	(210, 1.0)	(215, 0.0)	(220, 0.0)	(225, 1.0)	(230, 3.0)	(235, 1.0)	(240, 2.0)	(245, 66.0)	(250, 49782.0)											
SRR19621188_1	(241, 1.0)	(242, 0.0)	(243, 0.0)	(244, 0.0)	(245, 1.0)	(246, 0.0)	(247, 1.0)	(248, 17.0)	(249, 2479.0)	(250, 24402.0)	(251, 749.0)																																	
SRR19621188_2	(105, 1.0)	(110, 0.0)	(115, 0.0)	(120, 0.0)	(125, 1.0)	(130, 0.0)	(135, 1.0)	(140, 2.0)	(145, 0.0)	(150, 0.0)	(155, 1.0)	(160, 0.0)	(165, 1.0)	(170, 1.0)	(175, 0.0)	(180, 0.0)	(185, 1.0)	(190, 0.0)	(195, 0.0)	(200, 0.0)	(205, 2.0)	(210, 1.0)	(215, 0.0)	(220, 0.0)	(225, 0.0)	(230, 0.0)	(235, 0.0)	(240, 1.0)	(245, 29.0)	(250, 27608.0)														
SRR19621189_1	(247, 4.0)	(248, 30.0)	(249, 4387.0)	(250, 34204.0)	(251, 1389.0)																																							
SRR19621189_2	(100, 1.0)	(105, 1.0)	(110, 0.0)	(115, 0.0)	(120, 2.0)	(125, 0.0)	(130, 0.0)	(135, 0.0)	(140, 4.0)	(145, 0.0)	(150, 1.0)	(155, 1.0)	(160, 1.0)	(165, 1.0)	(170, 1.0)	(175, 0.0)	(180, 1.0)	(185, 0.0)	(190, 1.0)	(195, 0.0)	(200, 2.0)	(205, 2.0)	(210, 1.0)	(215, 0.0)	(220, 1.0)	(225, 0.0)	(230, 1.0)	(235, 0.0)	(240, 0.0)	(245, 44.0)	(250, 39948.0)													
SRR19621190_1	(238, 1.0)	(239, 0.0)	(240, 0.0)	(241, 0.0)	(242, 1.0)	(243, 0.0)	(244, 0.0)	(245, 1.0)	(246, 1.0)	(247, 0.0)	(248, 23.0)	(249, 10078.0)	(250, 39278.0)	(251, 1493.0)																														
SRR19621190_2	(90, 1.0)	(95, 1.0)	(100, 0.0)	(105, 0.0)	(110, 0.0)	(115, 1.0)	(120, 0.0)	(125, 0.0)	(130, 1.0)	(135, 2.0)	(140, 0.0)	(145, 2.0)	(150, 0.0)	(155, 0.0)	(160, 2.0)	(165, 0.0)	(170, 0.0)	(175, 0.0)	(180, 2.0)	(185, 2.0)	(190, 1.0)	(195, 0.0)	(200, 1.0)	(205, 0.0)	(210, 3.0)	(215, 1.0)	(220, 0.0)	(225, 1.0)	(230, 1.0)	(235, 0.0)	(240, 1.0)	(245, 55.0)	(250, 50798.0)											
SRR19621191_1	(237, 1.0)	(238, 0.0)	(239, 0.0)	(240, 0.0)	(241, 0.0)	(242, 0.0)	(243, 0.0)	(244, 0.0)	(245, 1.0)	(246, 0.0)	(247, 0.0)	(248, 34.0)	(249, 4604.0)	(250, 43391.0)	(251, 1039.0)																													
SRR19621191_2	(105, 1.0)	(110, 0.0)	(115, 0.0)	(120, 0.0)	(125, 0.0)	(130, 0.0)	(135, 2.0)	(140, 0.0)	(145, 2.0)	(150, 0.0)	(155, 1.0)	(160, 1.0)	(165, 0.0)	(170, 0.0)	(175, 1.0)	(180, 1.0)	(185, 0.0)	(190, 1.0)	(195, 0.0)	(200, 3.0)	(205, 0.0)	(210, 1.0)	(215, 2.0)	(220, 1.0)	(225, 1.0)	(230, 0.0)	(235, 2.0)	(240, 0.0)	(245, 53.0)	(250, 48997.0)														
SRR19621192_1	(242, 1.0)	(243, 1.0)	(244, 0.0)	(245, 0.0)	(246, 0.0)	(247, 2.0)	(248, 41.0)	(249, 3768.0)	(250, 47568.0)	(251, 1141.0)																																		
SRR19621192_2	(90, 1.0)	(95, 0.0)	(100, 0.0)	(105, 0.0)	(110, 0.0)	(115, 1.0)	(120, 0.0)	(125, 0.0)	(130, 0.0)	(135, 0.0)	(140, 0.0)	(145, 0.0)	(150, 1.0)	(155, 0.0)	(160, 0.0)	(165, 0.0)	(170, 0.0)	(175, 1.0)	(180, 0.0)	(185, 0.0)	(190, 0.0)	(195, 0.0)	(200, 2.0)	(205, 0.0)	(210, 0.0)	(215, 0.0)	(220, 0.0)	(225, 2.0)	(230, 2.0)	(235, 0.0)	(240, 2.0)	(245, 56.0)	(250, 52454.0)											
SRR19621193_1	(248, 31.0)	(249, 1943.0)	(250, 43173.0)	(251, 1049.0)																																								
SRR19621193_2	(85, 1.0)	(90, 0.0)	(95, 0.0)	(100, 0.0)	(105, 0.0)	(110, 1.0)	(115, 0.0)	(120, 1.0)	(125, 0.0)	(130, 0.0)	(135, 0.0)	(140, 1.0)	(145, 1.0)	(150, 0.0)	(155, 1.0)	(160, 0.0)	(165, 0.0)	(170, 0.0)	(175, 1.0)	(180, 1.0)	(185, 0.0)	(190, 1.0)	(195, 0.0)	(200, 1.0)	(205, 0.0)	(210, 1.0)	(215, 1.0)	(220, 0.0)	(225, 2.0)	(230, 1.0)	(235, 0.0)	(240, 0.0)	(245, 55.0)	(250, 46126.0)										
SRR19621194_1	(246, 1.0)	(247, 7.0)	(248, 29.0)	(249, 3565.0)	(250, 55336.0)	(251, 1281.0)																																						
SRR19621194_2	(80, 1.0)	(85, 0.0)	(90, 0.0)	(95, 0.0)	(100, 1.0)	(105, 0.0)	(110, 0.0)	(115, 0.0)	(120, 1.0)	(125, 0.0)	(130, 0.0)	(135, 0.0)	(140, 1.0)	(145, 1.0)	(150, 0.0)	(155, 1.0)	(160, 0.0)	(165, 2.0)	(170, 0.0)	(175, 1.0)	(180, 2.0)	(185, 0.0)	(190, 0.0)	(195, 1.0)	(200, 0.0)	(205, 2.0)	(210, 1.0)	(215, 1.0)	(220, 5.0)	(225, 0.0)	(230, 2.0)	(235, 0.0)	(240, 0.0)	(245, 60.0)	(250, 60136.0)									
SRR19621195	(105, 1.0)	(110, 0.0)	(115, 0.0)	(120, 0.0)	(125, 0.0)	(130, 0.0)	(135, 1.0)	(140, 0.0)	(145, 0.0)	(150, 0.0)	(155, 0.0)	(160, 0.0)	(165, 0.0)	(170, 1.0)	(175, 1.0)	(180, 0.0)	(185, 0.0)	(190, 1.0)	(195, 1.0)	(200, 0.0)	(205, 0.0)	(210, 0.0)	(215, 0.0)	(220, 0.0)	(225, 0.0)	(230, 0.0)	(235, 0.0)	(240, 0.0)	(245, 24.0)	(250, 23844.0)														
SRR19621195_1	(238, 1.0)	(239, 0.0)	(240, 0.0)	(241, 0.0)	(242, 0.0)	(243, 0.0)	(244, 0.0)	(245, 2.0)	(246, 1.0)	(247, 0.0)	(248, 19.0)	(249, 5405.0)	(250, 20110.0)	(251, 629.0)																														
SRR19621195_2	(100, 1.0)	(105, 0.0)	(110, 1.0)	(115, 0.0)	(120, 0.0)	(125, 0.0)	(130, 0.0)	(135, 0.0)	(140, 2.0)	(145, 0.0)	(150, 0.0)	(155, 0.0)	(160, 0.0)	(165, 0.0)	(170, 0.0)	(175, 0.0)	(180, 0.0)	(185, 1.0)	(190, 1.0)	(195, 1.0)	(200, 2.0)	(205, 1.0)	(210, 1.0)	(215, 1.0)	(220, 0.0)	(225, 0.0)	(230, 0.0)	(235, 1.0)	(240, 0.0)	(245, 41.0)	(250, 26113.0)													
SRR19621196_1	(237, 1.0)	(238, 0.0)	(239, 0.0)	(240, 1.0)	(241, 0.0)	(242, 0.0)	(243, 0.0)	(244, 0.0)	(245, 0.0)	(246, 0.0)	(247, 1.0)	(248, 40.0)	(249, 3022.0)	(250, 36880.0)	(251, 1267.0)																													
SRR19621196_2	(60, 1.0)	(65, 0.0)	(70, 0.0)	(75, 0.0)	(80, 0.0)	(85, 0.0)	(90, 1.0)	(95, 0.0)	(100, 0.0)	(105, 1.0)	(110, 0.0)	(115, 0.0)	(120, 1.0)	(125, 0.0)	(130, 0.0)	(135, 1.0)	(140, 0.0)	(145, 0.0)	(150, 0.0)	(155, 1.0)	(160, 0.0)	(165, 0.0)	(170, 1.0)	(175, 0.0)	(180, 0.0)	(185, 1.0)	(190, 0.0)	(195, 0.0)	(200, 0.0)	(205, 2.0)	(210, 2.0)	(215, 0.0)	(220, 2.0)	(225, 0.0)	(230, 0.0)	(235, 1.0)	(240, 1.0)	(245, 76.0)	(250, 41120.0)					
SRR19621197_1	(238, 1.0)	(239, 0.0)	(240, 0.0)	(241, 1.0)	(242, 0.0)	(243, 0.0)	(244, 1.0)	(245, 3.0)	(246, 1.0)	(247, 17.0)	(248, 144.0)	(249, 40800.0)	(250, 198630.0)	(251, 7135.0)																														
SRR19621197_2	(35, 1.0)	(40, 0.0)	(45, 0.0)	(50, 0.0)	(55, 1.0)	(60, 0.0)	(65, 0.0)	(70, 0.0)	(75, 0.0)	(80, 0.0)	(85, 1.0)	(90, 0.0)	(95, 0.0)	(100, 0.0)	(105, 2.0)	(110, 3.0)	(115, 0.0)	(120, 1.0)	(125, 2.0)	(130, 3.0)	(135, 3.0)	(140, 2.0)	(145, 6.0)	(150, 5.0)	(155, 5.0)	(160, 2.0)	(165, 4.0)	(170, 5.0)	(175, 5.0)	(180, 3.0)	(185, 3.0)	(190, 4.0)	(195, 4.0)	(200, 7.0)	(205, 5.0)	(210, 3.0)	(215, 8.0)	(220, 6.0)	(225, 2.0)	(230, 3.0)	(235, 2.0)	(240, 1.0)	(245, 343.0)	(250, 246288.0)
SRR19621198_1	(240, 1.0)	(241, 0.0)	(242, 0.0)	(243, 0.0)	(244, 0.0)	(245, 0.0)	(246, 1.0)	(247, 1.0)	(248, 37.0)	(249, 7121.0)	(250, 53965.0)	(251, 1749.0)																																
SRR19621198_2	(50, 1.0)	(55, 0.0)	(60, 0.0)	(65, 0.0)	(70, 0.0)	(75, 0.0)	(80, 0.0)	(85, 0.0)	(90, 0.0)	(95, 0.0)	(100, 2.0)	(105, 0.0)	(110, 0.0)	(115, 0.0)	(120, 1.0)	(125, 0.0)	(130, 1.0)	(135, 0.0)	(140, 0.0)	(145, 2.0)	(150, 1.0)	(155, 0.0)	(160, 0.0)	(165, 0.0)	(170, 0.0)	(175, 1.0)	(180, 1.0)	(185, 0.0)	(190, 0.0)	(195, 0.0)	(200, 1.0)	(205, 0.0)	(210, 2.0)	(215, 2.0)	(220, 3.0)	(225, 0.0)	(230, 0.0)	(235, 0.0)	(240, 1.0)	(245, 99.0)	(250, 62757.0)			
SRR19621199_1	(247, 3.0)	(248, 20.0)	(249, 4613.0)	(250, 33844.0)	(251, 935.0)																																							
SRR19621199_2	(125, 1.0)	(130, 0.0)	(135, 0.0)	(140, 0.0)	(145, 0.0)	(150, 0.0)	(155, 0.0)	(160, 0.0)	(165, 0.0)	(170, 1.0)	(175, 0.0)	(180, 0.0)	(185, 1.0)	(190, 1.0)	(195, 0.0)	(200, 1.0)	(205, 0.0)	(210, 0.0)	(215, 0.0)	(220, 0.0)	(225, 2.0)	(230, 0.0)	(235, 0.0)	(240, 0.0)	(245, 51.0)	(250, 39357.0)																		
SRR19621200_1	(244, 1.0)	(245, 1.0)	(246, 0.0)	(247, 1.0)	(248, 23.0)	(249, 4027.0)	(250, 38926.0)	(251, 1200.0)																																				
SRR19621200_2	(105, 1.0)	(110, 0.0)	(115, 0.0)	(120, 0.0)	(125, 0.0)	(130, 0.0)	(135, 1.0)	(140, 1.0)	(145, 1.0)	(150, 0.0)	(155, 0.0)	(160, 1.0)	(165, 1.0)	(170, 0.0)	(175, 0.0)	(180, 1.0)	(185, 0.0)	(190, 1.0)	(195, 0.0)	(200, 0.0)	(205, 1.0)	(210, 1.0)	(215, 0.0)	(220, 1.0)	(225, 1.0)	(230, 0.0)	(235, 1.0)	(240, 1.0)	(245, 64.0)	(250, 44101.0)														
SRR19621201_1	(238, 1.0)	(239, 0.0)	(240, 1.0)	(241, 0.0)	(242, 1.0)	(243, 0.0)	(244, 1.0)	(245, 1.0)	(246, 1.0)	(247, 5.0)	(248, 37.0)	(249, 4457.0)	(250, 39787.0)	(251, 1485.0)																														
SRR19621201_2	(65, 1.0)	(70, 0.0)	(75, 0.0)	(80, 0.0)	(85, 0.0)	(90, 0.0)	(95, 0.0)	(100, 0.0)	(105, 0.0)	(110, 0.0)	(115, 0.0)	(120, 0.0)	(125, 0.0)	(130, 1.0)	(135, 0.0)	(140, 1.0)	(145, 1.0)	(150, 0.0)	(155, 1.0)	(160, 2.0)	(165, 1.0)	(170, 1.0)	(175, 0.0)	(180, 1.0)	(185, 0.0)	(190, 2.0)	(195, 0.0)	(200, 0.0)	(205, 1.0)	(210, 0.0)	(215, 1.0)	(220, 2.0)	(225, 1.0)	(230, 0.0)	(235, 0.0)	(240, 3.0)	(245, 65.0)	(250, 45692.0)						
SRR19621202_1	(242, 1.0)	(243, 0.0)	(244, 0.0)	(245, 2.0)	(246, 0.0)	(247, 2.0)	(248, 32.0)	(249, 11664.0)	(250, 34222.0)	(251, 2930.0)																																		
SRR19621202_2	(130, 1.0)	(135, 0.0)	(140, 0.0)	(145, 0.0)	(150, 0.0)	(155, 1.0)	(160, 1.0)	(165, 1.0)	(170, 0.0)	(175, 0.0)	(180, 0.0)	(185, 1.0)	(190, 0.0)	(195, 2.0)	(200, 2.0)	(205, 0.0)	(210, 0.0)	(215, 1.0)	(220, 0.0)	(225, 0.0)	(230, 0.0)	(235, 0.0)	(240, 0.0)	(245, 63.0)	(250, 48780.0)																			
SRR19621203_1	(247, 1.0)	(248, 28.0)	(249, 1710.0)	(250, 44598.0)	(251, 1495.0)																																							
SRR19621203_2	(120, 1.0)	(125, 1.0)	(130, 0.0)	(135, 1.0)	(140, 0.0)	(145, 1.0)	(150, 0.0)	(155, 0.0)	(160, 1.0)	(165, 2.0)	(170, 2.0)	(175, 1.0)	(180, 0.0)	(185, 0.0)	(190, 1.0)	(195, 1.0)	(200, 0.0)	(205, 1.0)	(210, 1.0)	(215, 1.0)	(220, 0.0)	(225, 2.0)	(230, 0.0)	(235, 0.0)	(240, 0.0)	(245, 86.0)	(250, 47729.0)																	
SRR19621204_1	(238, 1.0)	(239, 0.0)	(240, 0.0)	(241, 0.0)	(242, 0.0)	(243, 0.0)	(244, 0.0)	(245, 0.0)	(246, 0.0)	(247, 2.0)	(248, 27.0)	(249, 8362.0)	(250, 35983.0)	(251, 1283.0)																														
SRR19621204_2	(90, 1.0)	(95, 1.0)	(100, 0.0)	(105, 0.0)	(110, 0.0)	(115, 0.0)	(120, 0.0)	(125, 0.0)	(130, 0.0)	(135, 1.0)	(140, 0.0)	(145, 1.0)	(150, 1.0)	(155, 0.0)	(160, 0.0)	(165, 2.0)	(170, 1.0)	(175, 0.0)	(180, 1.0)	(185, 2.0)	(190, 1.0)	(195, 0.0)	(200, 0.0)	(205, 1.0)	(210, 0.0)	(215, 1.0)	(220, 4.0)	(225, 0.0)	(230, 0.0)	(235, 1.0)	(240, 0.0)	(245, 62.0)	(250, 45577.0)											
SRR19621205_1	(237, 1.0)	(238, 0.0)	(239, 0.0)	(240, 0.0)	(241, 0.0)	(242, 0.0)	(243, 1.0)	(244, 0.0)	(245, 0.0)	(246, 0.0)	(247, 2.0)	(248, 28.0)	(249, 6202.0)	(250, 37610.0)	(251, 1856.0)																													
SRR19621205_2	(100, 1.0)	(105, 0.0)	(110, 1.0)	(115, 0.0)	(120, 1.0)	(125, 0.0)	(130, 0.0)	(135, 1.0)	(140, 0.0)	(145, 0.0)	(150, 0.0)	(155, 1.0)	(160, 0.0)	(165, 0.0)	(170, 1.0)	(175, 1.0)	(180, 1.0)	(185, 1.0)	(190, 2.0)	(195, 0.0)	(200, 1.0)	(205, 0.0)	(210, 1.0)	(215, 1.0)	(220, 1.0)	(225, 1.0)	(230, 0.0)	(235, 1.0)	(240, 1.0)	(245, 84.0)	(250, 45598.0)													
SRR19621206_1	(242, 1.0)	(243, 0.0)	(244, 0.0)	(245, 0.0)	(246, 1.0)	(247, 2.0)	(248, 26.0)	(249, 5639.0)	(250, 45082.0)	(251, 1656.0)																																		
SRR19621206_2	(115, 2.0)	(120, 0.0)	(125, 0.0)	(130, 1.0)	(135, 0.0)	(140, 0.0)	(145, 0.0)	(150, 3.0)	(155, 1.0)	(160, 0.0)	(165, 2.0)	(170, 1.0)	(175, 3.0)	(180, 0.0)	(185, 0.0)	(190, 1.0)	(195, 2.0)	(200, 0.0)	(205, 0.0)	(210, 0.0)	(215, 1.0)	(220, 1.0)	(225, 0.0)	(230, 1.0)	(235, 0.0)	(240, 1.0)	(245, 74.0)	(250, 52313.0)																
SRR19621207_1	(237, 1.0)	(238, 0.0)	(239, 0.0)	(240, 1.0)	(241, 0.0)	(242, 0.0)	(243, 1.0)	(244, 1.0)	(245, 7.0)	(246, 0.0)	(247, 9.0)	(248, 84.0)	(249, 22372.0)	(250, 89605.0)	(251, 4775.0)																													
SRR19621207_2	(35, 1.0)	(40, 1.0)	(45, 0.0)	(50, 0.0)	(55, 0.0)	(60, 1.0)	(65, 1.0)	(70, 0.0)	(75, 0.0)	(80, 0.0)	(85, 0.0)	(90, 0.0)	(95, 0.0)	(100, 0.0)	(105, 1.0)	(110, 0.0)	(115, 1.0)	(120, 3.0)	(125, 0.0)	(130, 3.0)	(135, 1.0)	(140, 0.0)	(145, 0.0)	(150, 2.0)	(155, 2.0)	(160, 3.0)	(165, 2.0)	(170, 1.0)	(175, 3.0)	(180, 1.0)	(185, 3.0)	(190, 3.0)	(195, 4.0)	(200, 2.0)	(205, 2.0)	(210, 1.0)	(215, 5.0)	(220, 2.0)	(225, 2.0)	(230, 3.0)	(235, 5.0)	(240, 3.0)	(245, 205.0)	(250, 116589.0)
SRR19621208_1	(237, 1.0)	(238, 1.0)	(239, 0.0)	(240, 0.0)	(241, 0.0)	(242, 0.0)	(243, 1.0)	(244, 0.0)	(245, 1.0)	(246, 0.0)	(247, 6.0)	(248, 92.0)	(249, 13239.0)	(250, 103975.0)	(251, 3305.0)																													
SRR19621208_2	(40, 1.0)	(45, 0.0)	(50, 0.0)	(55, 0.0)	(60, 0.0)	(65, 0.0)	(70, 0.0)	(75, 0.0)	(80, 0.0)	(85, 0.0)	(90, 0.0)	(95, 1.0)	(100, 0.0)	(105, 1.0)	(110, 1.0)	(115, 1.0)	(120, 0.0)	(125, 0.0)	(130, 2.0)	(135, 1.0)	(140, 1.0)	(145, 1.0)	(150, 2.0)	(155, 3.0)	(160, 0.0)	(165, 0.0)	(170, 3.0)	(175, 0.0)	(180, 2.0)	(185, 2.0)	(190, 1.0)	(195, 0.0)	(200, 3.0)	(205, 1.0)	(210, 2.0)	(215, 4.0)	(220, 2.0)	(225, 2.0)	(230, 2.0)	(235, 2.0)	(240, 1.0)	(245, 168.0)	(250, 120411.0)	
SRR19621209_1	(238, 1.0)	(239, 0.0)	(240, 0.0)	(241, 0.0)	(242, 0.0)	(243, 0.0)	(244, 1.0)	(245, 0.0)	(246, 1.0)	(247, 2.0)	(248, 51.0)	(249, 1628.0)	(250, 40538.0)	(251, 1382.0)																														
SRR19621209_2	(130, 3.0)	(135, 2.0)	(140, 0.0)	(145, 0.0)	(150, 3.0)	(155, 1.0)	(160, 0.0)	(165, 0.0)	(170, 2.0)	(175, 1.0)	(180, 1.0)	(185, 1.0)	(190, 3.0)	(195, 0.0)	(200, 0.0)	(205, 0.0)	(210, 0.0)	(215, 0.0)	(220, 1.0)	(225, 1.0)	(230, 0.0)	(235, 2.0)	(240, 1.0)	(245, 66.0)	(250, 43516.0)																			
SRR19621210_1	(244, 1.0)	(245, 0.0)	(246, 1.0)	(247, 5.0)	(248, 30.0)	(249, 6787.0)	(250, 33737.0)	(251, 1198.0)																																				
SRR19621210_2	(105, 1.0)	(110, 1.0)	(115, 0.0)	(120, 0.0)	(125, 1.0)	(130, 0.0)	(135, 1.0)	(140, 1.0)	(145, 2.0)	(150, 0.0)	(155, 2.0)	(160, 1.0)	(165, 1.0)	(170, 1.0)	(175, 0.0)	(180, 0.0)	(185, 1.0)	(190, 0.0)	(195, 1.0)	(200, 1.0)	(205, 1.0)	(210, 0.0)	(215, 0.0)	(220, 0.0)	(225, 0.0)	(230, 0.0)	(235, 0.0)	(240, 0.0)	(245, 50.0)	(250, 41693.0)														
SRR19621211_1	(238, 1.0)	(239, 0.0)	(240, 0.0)	(241, 0.0)	(242, 0.0)	(243, 0.0)	(244, 0.0)	(245, 1.0)	(246, 0.0)	(247, 3.0)	(248, 33.0)	(249, 4808.0)	(250, 54183.0)	(251, 2028.0)																														
SRR19621211_2	(135, 2.0)	(140, 0.0)	(145, 0.0)	(150, 0.0)	(155, 1.0)	(160, 2.0)	(165, 0.0)	(170, 1.0)	(175, 0.0)	(180, 1.0)	(185, 0.0)	(190, 2.0)	(195, 1.0)	(200, 3.0)	(205, 0.0)	(210, 3.0)	(215, 1.0)	(220, 1.0)	(225, 0.0)	(230, 1.0)	(235, 1.0)	(240, 0.0)	(245, 58.0)	(250, 60979.0)																				
SRR19621212_1	(240, 1.0)	(241, 0.0)	(242, 0.0)	(243, 0.0)	(244, 0.0)	(245, 1.0)	(246, 0.0)	(247, 8.0)	(248, 49.0)	(249, 5454.0)	(250, 70134.0)	(251, 2073.0)																																
SRR19621212_2	(65, 1.0)	(70, 0.0)	(75, 0.0)	(80, 0.0)	(85, 0.0)	(90, 1.0)	(95, 0.0)	(100, 0.0)	(105, 0.0)	(110, 0.0)	(115, 0.0)	(120, 0.0)	(125, 0.0)	(130, 0.0)	(135, 0.0)	(140, 3.0)	(145, 1.0)	(150, 2.0)	(155, 0.0)	(160, 3.0)	(165, 2.0)	(170, 0.0)	(175, 2.0)	(180, 0.0)	(185, 0.0)	(190, 2.0)	(195, 0.0)	(200, 1.0)	(205, 2.0)	(210, 0.0)	(215, 1.0)	(220, 2.0)	(225, 1.0)	(230, 1.0)	(235, 0.0)	(240, 0.0)	(245, 114.0)	(250, 77581.0)						
SRR19621213_1	(247, 4.0)	(248, 25.0)	(249, 4960.0)	(250, 50674.0)	(251, 1704.0)																																							
SRR19621213_2	(105, 1.0)	(110, 0.0)	(115, 1.0)	(120, 0.0)	(125, 0.0)	(130, 0.0)	(135, 0.0)	(140, 1.0)	(145, 0.0)	(150, 1.0)	(155, 2.0)	(160, 0.0)	(165, 0.0)	(170, 0.0)	(175, 1.0)	(180, 2.0)	(185, 0.0)	(190, 1.0)	(195, 2.0)	(200, 2.0)	(205, 0.0)	(210, 0.0)	(215, 0.0)	(220, 1.0)	(225, 0.0)	(230, 1.0)	(235, 0.0)	(240, 0.0)	(245, 66.0)	(250, 57285.0)														
SRR19621214_1	(240, 2.0)	(241, 0.0)	(242, 0.0)	(243, 0.0)	(244, 0.0)	(245, 3.0)	(246, 0.0)	(247, 5.0)	(248, 44.0)	(249, 12467.0)	(250, 43097.0)	(251, 3265.0)																																
SRR19621214_2	(45, 1.0)	(50, 0.0)	(55, 1.0)	(60, 0.0)	(65, 1.0)	(70, 0.0)	(75, 0.0)	(80, 0.0)	(85, 0.0)	(90, 1.0)	(95, 1.0)	(100, 0.0)	(105, 1.0)	(110, 1.0)	(115, 0.0)	(120, 0.0)	(125, 0.0)	(130, 0.0)	(135, 0.0)	(140, 0.0)	(145, 0.0)	(150, 2.0)	(155, 0.0)	(160, 0.0)	(165, 1.0)	(170, 1.0)	(175, 3.0)	(180, 0.0)	(185, 1.0)	(190, 0.0)	(195, 2.0)	(200, 2.0)	(205, 2.0)	(210, 1.0)	(215, 2.0)	(220, 2.0)	(225, 1.0)	(230, 0.0)	(235, 2.0)	(240, 2.0)	(245, 92.0)	(250, 58760.0)		
SRR19621215_1	(238, 1.0)	(239, 1.0)	(240, 1.0)	(241, 0.0)	(242, 0.0)	(243, 0.0)	(244, 0.0)	(245, 1.0)	(246, 0.0)	(247, 5.0)	(248, 31.0)	(249, 15628.0)	(250, 48381.0)	(251, 4977.0)																														
SRR19621215_2	(85, 1.0)	(90, 0.0)	(95, 0.0)	(100, 0.0)	(105, 0.0)	(110, 0.0)	(115, 1.0)	(120, 0.0)	(125, 0.0)	(130, 0.0)	(135, 1.0)	(140, 1.0)	(145, 1.0)	(150, 1.0)	(155, 0.0)	(160, 4.0)	(165, 1.0)	(170, 0.0)	(175, 0.0)	(180, 2.0)	(185, 0.0)	(190, 0.0)	(195, 4.0)	(200, 0.0)	(205, 1.0)	(210, 1.0)	(215, 1.0)	(220, 0.0)	(225, 0.0)	(230, 0.0)	(235, 2.0)	(240, 0.0)	(245, 67.0)	(250, 68937.0)										
SRR19621216_1	(242, 1.0)	(243, 1.0)	(244, 1.0)	(245, 0.0)	(246, 0.0)	(247, 3.0)	(248, 21.0)	(249, 25969.0)	(250, 31896.0)	(251, 4849.0)																																		
SRR19621216_2	(40, 1.0)	(45, 0.0)	(50, 0.0)	(55, 0.0)	(60, 0.0)	(65, 0.0)	(70, 0.0)	(75, 0.0)	(80, 1.0)	(85, 0.0)	(90, 0.0)	(95, 0.0)	(100, 0.0)	(105, 1.0)	(110, 0.0)	(115, 0.0)	(120, 0.0)	(125, 0.0)	(130, 1.0)	(135, 1.0)	(140, 0.0)	(145, 3.0)	(150, 0.0)	(155, 0.0)	(160, 1.0)	(165, 3.0)	(170, 2.0)	(175, 2.0)	(180, 0.0)	(185, 1.0)	(190, 2.0)	(195, 1.0)	(200, 0.0)	(205, 1.0)	(210, 1.0)	(215, 2.0)	(220, 2.0)	(225, 1.0)	(230, 0.0)	(235, 0.0)	(240, 2.0)	(245, 73.0)	(250, 62639.0)	
SRR19621217_1	(240, 2.0)	(241, 0.0)	(242, 0.0)	(243, 1.0)	(244, 1.0)	(245, 1.0)	(246, 0.0)	(247, 4.0)	(248, 40.0)	(249, 4800.0)	(250, 69677.0)	(251, 6118.0)																																
SRR19621217_2	(95, 1.0)	(100, 0.0)	(105, 0.0)	(110, 0.0)	(115, 0.0)	(120, 0.0)	(125, 1.0)	(130, 1.0)	(135, 0.0)	(140, 0.0)	(145, 1.0)	(150, 0.0)	(155, 1.0)	(160, 0.0)	(165, 2.0)	(170, 4.0)	(175, 1.0)	(180, 2.0)	(185, 2.0)	(190, 5.0)	(195, 0.0)	(200, 1.0)	(205, 3.0)	(210, 1.0)	(215, 0.0)	(220, 2.0)	(225, 1.0)	(230, 1.0)	(235, 1.0)	(240, 3.0)	(245, 117.0)	(250, 80493.0)												
SRR19621218_1	(238, 1.0)	(239, 0.0)	(240, 0.0)	(241, 0.0)	(242, 0.0)	(243, 0.0)	(244, 0.0)	(245, 0.0)	(246, 0.0)	(247, 5.0)	(248, 46.0)	(249, 3877.0)	(250, 56186.0)	(251, 3248.0)																														
SRR19621218_2	(90, 1.0)	(95, 1.0)	(100, 0.0)	(105, 0.0)	(110, 1.0)	(115, 2.0)	(120, 1.0)	(125, 1.0)	(130, 0.0)	(135, 2.0)	(140, 0.0)	(145, 1.0)	(150, 0.0)	(155, 1.0)	(160, 1.0)	(165, 1.0)	(170, 0.0)	(175, 2.0)	(180, 0.0)	(185, 0.0)	(190, 0.0)	(195, 3.0)	(200, 0.0)	(205, 2.0)	(210, 3.0)	(215, 2.0)	(220, 2.0)	(225, 5.0)	(230, 0.0)	(235, 1.0)	(240, 0.0)	(245, 107.0)	(250, 63223.0)											
SRR19621219_1	(239, 1.0)	(240, 0.0)	(241, 1.0)	(242, 0.0)	(243, 0.0)	(244, 2.0)	(245, 0.0)	(246, 0.0)	(247, 2.0)	(248, 44.0)	(249, 4713.0)	(250, 49912.0)	(251, 3770.0)																															
SRR19621219_2	(90, 3.0)	(95, 0.0)	(100, 0.0)	(105, 0.0)	(110, 0.0)	(115, 0.0)	(120, 1.0)	(125, 0.0)	(130, 0.0)	(135, 0.0)	(140, 0.0)	(145, 0.0)	(150, 2.0)	(155, 2.0)	(160, 0.0)	(165, 0.0)	(170, 0.0)	(175, 0.0)	(180, 1.0)	(185, 1.0)	(190, 0.0)	(195, 1.0)	(200, 0.0)	(205, 1.0)	(210, 1.0)	(215, 0.0)	(220, 1.0)	(225, 4.0)	(230, 2.0)	(235, 2.0)	(240, 2.0)	(245, 64.0)	(250, 58357.0)											
SRR19621220_1	(241, 1.0)	(242, 0.0)	(243, 1.0)	(244, 0.0)	(245, 0.0)	(246, 1.0)	(247, 2.0)	(248, 36.0)	(249, 18326.0)	(250, 40579.0)	(251, 3083.0)																																	
SRR19621220_2	(45, 1.0)	(50, 0.0)	(55, 0.0)	(60, 0.0)	(65, 0.0)	(70, 1.0)	(75, 0.0)	(80, 0.0)	(85, 0.0)	(90, 0.0)	(95, 0.0)	(100, 0.0)	(105, 0.0)	(110, 0.0)	(115, 0.0)	(120, 0.0)	(125, 0.0)	(130, 0.0)	(135, 0.0)	(140, 0.0)	(145, 1.0)	(150, 0.0)	(155, 1.0)	(160, 1.0)	(165, 3.0)	(170, 0.0)	(175, 0.0)	(180, 0.0)	(185, 1.0)	(190, 1.0)	(195, 1.0)	(200, 3.0)	(205, 1.0)	(210, 4.0)	(215, 1.0)	(220, 2.0)	(225, 1.0)	(230, 2.0)	(235, 0.0)	(240, 2.0)	(245, 79.0)	(250, 61923.0)		
SRR19621221_1	(241, 1.0)	(242, 0.0)	(243, 0.0)	(244, 0.0)	(245, 0.0)	(246, 0.0)	(247, 0.0)	(248, 47.0)	(249, 5678.0)	(250, 34401.0)	(251, 949.0)																																	
SRR19621221_2	(80, 1.0)	(85, 0.0)	(90, 0.0)	(95, 0.0)	(100, 0.0)	(105, 0.0)	(110, 0.0)	(115, 0.0)	(120, 0.0)	(125, 2.0)	(130, 0.0)	(135, 0.0)	(140, 0.0)	(145, 0.0)	(150, 0.0)	(155, 0.0)	(160, 0.0)	(165, 1.0)	(170, 1.0)	(175, 1.0)	(180, 0.0)	(185, 0.0)	(190, 2.0)	(195, 0.0)	(200, 3.0)	(205, 0.0)	(210, 1.0)	(215, 3.0)	(220, 1.0)	(225, 0.0)	(230, 1.0)	(235, 0.0)	(240, 1.0)	(245, 54.0)	(250, 41004.0)									
SRR19621222_1	(240, 1.0)	(241, 0.0)	(242, 0.0)	(243, 2.0)	(244, 0.0)	(245, 2.0)	(246, 0.0)	(247, 4.0)	(248, 38.0)	(249, 8046.0)	(250, 47282.0)	(251, 2590.0)																																
SRR19621222_2	(115, 2.0)	(120, 0.0)	(125, 0.0)	(130, 0.0)	(135, 1.0)	(140, 1.0)	(145, 3.0)	(150, 2.0)	(155, 1.0)	(160, 1.0)	(165, 0.0)	(170, 0.0)	(175, 1.0)	(180, 1.0)	(185, 1.0)	(190, 3.0)	(195, 2.0)	(200, 0.0)	(205, 1.0)	(210, 2.0)	(215, 2.0)	(220, 1.0)	(225, 1.0)	(230, 3.0)	(235, 0.0)	(240, 3.0)	(245, 99.0)	(250, 57834.0)																
SRR19621223_1	(240, 1.0)	(241, 0.0)	(242, 1.0)	(243, 0.0)	(244, 0.0)	(245, 1.0)	(246, 0.0)	(247, 6.0)	(248, 46.0)	(249, 13050.0)	(250, 45499.0)	(251, 5292.0)																																
SRR19621223_2	(115, 1.0)	(120, 0.0)	(125, 1.0)	(130, 0.0)	(135, 0.0)	(140, 1.0)	(145, 0.0)	(150, 1.0)	(155, 2.0)	(160, 0.0)	(165, 0.0)	(170, 0.0)	(175, 0.0)	(180, 1.0)	(185, 2.0)	(190, 1.0)	(195, 0.0)	(200, 1.0)	(205, 0.0)	(210, 4.0)	(215, 2.0)	(220, 0.0)	(225, 5.0)	(230, 4.0)	(235, 2.0)	(240, 2.0)	(245, 111.0)	(250, 63755.0)																
SRR19621224_1	(245, 1.0)	(246, 0.0)	(247, 3.0)	(248, 35.0)	(249, 3892.0)	(250, 56216.0)	(251, 2827.0)																																					
SRR19621224_2	(35, 1.0)	(40, 0.0)	(45, 0.0)	(50, 0.0)	(55, 0.0)	(60, 0.0)	(65, 0.0)	(70, 0.0)	(75, 1.0)	(80, 0.0)	(85, 0.0)	(90, 0.0)	(95, 0.0)	(100, 0.0)	(105, 0.0)	(110, 0.0)	(115, 1.0)	(120, 1.0)	(125, 3.0)	(130, 0.0)	(135, 0.0)	(140, 1.0)	(145, 1.0)	(150, 0.0)	(155, 1.0)	(160, 1.0)	(165, 2.0)	(170, 2.0)	(175, 1.0)	(180, 0.0)	(185, 2.0)	(190, 1.0)	(195, 1.0)	(200, 3.0)	(205, 1.0)	(210, 3.0)	(215, 2.0)	(220, 3.0)	(225, 2.0)	(230, 0.0)	(235, 1.0)	(240, 0.0)	(245, 92.0)	(250, 62847.0)
SRR19621225_1	(238, 1.0)	(239, 0.0)	(240, 0.0)	(241, 0.0)	(242, 0.0)	(243, 0.0)	(244, 0.0)	(245, 2.0)	(246, 1.0)	(247, 4.0)	(248, 34.0)	(249, 6825.0)	(250, 45886.0)	(251, 1683.0)																														
SRR19621225_2	(90, 1.0)	(95, 0.0)	(100, 0.0)	(105, 0.0)	(110, 1.0)	(115, 0.0)	(120, 0.0)	(125, 0.0)	(130, 0.0)	(135, 3.0)	(140, 0.0)	(145, 0.0)	(150, 0.0)	(155, 4.0)	(160, 0.0)	(165, 0.0)	(170, 0.0)	(175, 0.0)	(180, 0.0)	(185, 0.0)	(190, 0.0)	(195, 0.0)	(200, 0.0)	(205, 1.0)	(210, 1.0)	(215, 0.0)	(220, 1.0)	(225, 1.0)	(230, 3.0)	(235, 2.0)	(240, 0.0)	(245, 72.0)	(250, 54346.0)											
SRR19621226_1	(245, 2.0)	(246, 0.0)	(247, 2.0)	(248, 33.0)	(249, 3229.0)	(250, 56219.0)	(251, 1497.0)																																					
SRR19621226_2	(90, 1.0)	(95, 0.0)	(100, 0.0)	(105, 0.0)	(110, 0.0)	(115, 0.0)	(120, 0.0)	(125, 0.0)	(130, 2.0)	(135, 0.0)	(140, 0.0)	(145, 1.0)	(150, 1.0)	(155, 0.0)	(160, 0.0)	(165, 1.0)	(170, 2.0)	(175, 0.0)	(180, 1.0)	(185, 1.0)	(190, 0.0)	(195, 2.0)	(200, 0.0)	(205, 2.0)	(210, 0.0)	(215, 1.0)	(220, 0.0)	(225, 2.0)	(230, 0.0)	(235, 1.0)	(240, 0.0)	(245, 81.0)	(250, 60883.0)											
SRR19621227_1	(239, 1.0)	(240, 1.0)	(241, 0.0)	(242, 0.0)	(243, 0.0)	(244, 0.0)	(245, 1.0)	(246, 0.0)	(247, 1.0)	(248, 29.0)	(249, 3034.0)	(250, 50432.0)	(251, 1453.0)																															
SRR19621227_2	(120, 1.0)	(125, 0.0)	(130, 0.0)	(135, 1.0)	(140, 0.0)	(145, 0.0)	(150, 0.0)	(155, 0.0)	(160, 0.0)	(165, 0.0)	(170, 0.0)	(175, 1.0)	(180, 0.0)	(185, 2.0)	(190, 1.0)	(195, 1.0)	(200, 0.0)	(205, 2.0)	(210, 2.0)	(215, 1.0)	(220, 0.0)	(225, 1.0)	(230, 2.0)	(235, 1.0)	(240, 1.0)	(245, 71.0)	(250, 54864.0)																	
SRR19621228_1	(238, 1.0)	(239, 0.0)	(240, 0.0)	(241, 0.0)	(242, 0.0)	(243, 0.0)	(244, 0.0)	(245, 2.0)	(246, 1.0)	(247, 2.0)	(248, 18.0)	(249, 3927.0)	(250, 40614.0)	(251, 1270.0)																														
SRR19621228_2	(90, 1.0)	(95, 0.0)	(100, 0.0)	(105, 1.0)	(110, 0.0)	(115, 0.0)	(120, 0.0)	(125, 0.0)	(130, 0.0)	(135, 1.0)	(140, 2.0)	(145, 0.0)	(150, 0.0)	(155, 0.0)	(160, 0.0)	(165, 0.0)	(170, 2.0)	(175, 0.0)	(180, 1.0)	(185, 1.0)	(190, 2.0)	(195, 1.0)	(200, 0.0)	(205, 1.0)	(210, 0.0)	(215, 1.0)	(220, 0.0)	(225, 2.0)	(230, 0.0)	(235, 1.0)	(240, 0.0)	(245, 69.0)	(250, 45749.0)											
SRR19621229_1	(248, 24.0)	(249, 5851.0)	(250, 41095.0)	(251, 1039.0)																																								
SRR19621229_2	(35, 2.0)	(40, 0.0)	(45, 0.0)	(50, 0.0)	(55, 0.0)	(60, 0.0)	(65, 0.0)	(70, 0.0)	(75, 0.0)	(80, 0.0)	(85, 0.0)	(90, 0.0)	(95, 1.0)	(100, 0.0)	(105, 0.0)	(110, 0.0)	(115, 0.0)	(120, 0.0)	(125, 0.0)	(130, 0.0)	(135, 1.0)	(140, 1.0)	(145, 2.0)	(150, 0.0)	(155, 0.0)	(160, 0.0)	(165, 0.0)	(170, 1.0)	(175, 0.0)	(180, 1.0)	(185, 1.0)	(190, 0.0)	(195, 0.0)	(200, 1.0)	(205, 2.0)	(210, 1.0)	(215, 0.0)	(220, 1.0)	(225, 1.0)	(230, 1.0)	(235, 0.0)	(240, 0.0)	(245, 63.0)	(250, 47929.0)
SRR19621230_1	(242, 1.0)	(243, 0.0)	(244, 1.0)	(245, 3.0)	(246, 0.0)	(247, 7.0)	(248, 36.0)	(249, 10791.0)	(250, 46725.0)	(251, 1545.0)																																		
SRR19621230_2	(85, 1.0)	(90, 1.0)	(95, 0.0)	(100, 0.0)	(105, 1.0)	(110, 0.0)	(115, 1.0)	(120, 0.0)	(125, 0.0)	(130, 0.0)	(135, 2.0)	(140, 2.0)	(145, 2.0)	(150, 0.0)	(155, 0.0)	(160, 1.0)	(165, 0.0)	(170, 0.0)	(175, 1.0)	(180, 1.0)	(185, 2.0)	(190, 1.0)	(195, 0.0)	(200, 2.0)	(205, 0.0)	(210, 1.0)	(215, 0.0)	(220, 0.0)	(225, 1.0)	(230, 2.0)	(235, 0.0)	(240, 2.0)	(245, 109.0)	(250, 58976.0)										
SRR19621231_1	(239, 1.0)	(240, 0.0)	(241, 0.0)	(242, 0.0)	(243, 0.0)	(244, 0.0)	(245, 1.0)	(246, 0.0)	(247, 3.0)	(248, 54.0)	(249, 9741.0)	(250, 42095.0)	(251, 2481.0)																															
SRR19621231_2	(40, 1.0)	(45, 0.0)	(50, 0.0)	(55, 0.0)	(60, 1.0)	(65, 0.0)	(70, 0.0)	(75, 0.0)	(80, 1.0)	(85, 0.0)	(90, 0.0)	(95, 0.0)	(100, 0.0)	(105, 0.0)	(110, 1.0)	(115, 0.0)	(120, 1.0)	(125, 0.0)	(130, 1.0)	(135, 0.0)	(140, 0.0)	(145, 0.0)	(150, 0.0)	(155, 0.0)	(160, 1.0)	(165, 0.0)	(170, 2.0)	(175, 1.0)	(180, 0.0)	(185, 0.0)	(190, 3.0)	(195, 0.0)	(200, 0.0)	(205, 1.0)	(210, 0.0)	(215, 1.0)	(220, 1.0)	(225, 1.0)	(230, 2.0)	(235, 3.0)	(240, 0.0)	(245, 156.0)	(250, 54198.0)	
SRR19621232_1	(239, 1.0)	(240, 0.0)	(241, 0.0)	(242, 0.0)	(243, 0.0)	(244, 0.0)	(245, 1.0)	(246, 0.0)	(247, 2.0)	(248, 28.0)	(249, 6680.0)	(250, 31758.0)	(251, 1077.0)																															
SRR19621232_2	(65, 1.0)	(70, 0.0)	(75, 0.0)	(80, 0.0)	(85, 0.0)	(90, 0.0)	(95, 1.0)	(100, 0.0)	(105, 0.0)	(110, 0.0)	(115, 1.0)	(120, 0.0)	(125, 0.0)	(130, 0.0)	(135, 0.0)	(140, 1.0)	(145, 0.0)	(150, 0.0)	(155, 1.0)	(160, 1.0)	(165, 1.0)	(170, 0.0)	(175, 0.0)	(180, 0.0)	(185, 0.0)	(190, 0.0)	(195, 0.0)	(200, 0.0)	(205, 0.0)	(210, 1.0)	(215, 2.0)	(220, 0.0)	(225, 0.0)	(230, 0.0)	(235, 1.0)	(240, 0.0)	(245, 42.0)	(250, 39494.0)						
SRR19621233_1	(245, 3.0)	(246, 0.0)	(247, 2.0)	(248, 29.0)	(249, 9188.0)	(250, 25678.0)	(251, 4616.0)																																					
SRR19621233_2	(130, 2.0)	(135, 0.0)	(140, 0.0)	(145, 0.0)	(150, 1.0)	(155, 2.0)	(160, 0.0)	(165, 0.0)	(170, 0.0)	(175, 1.0)	(180, 0.0)	(185, 0.0)	(190, 1.0)	(195, 0.0)	(200, 1.0)	(205, 0.0)	(210, 0.0)	(215, 2.0)	(220, 0.0)	(225, 1.0)	(230, 0.0)	(235, 0.0)	(240, 0.0)	(245, 60.0)	(250, 39445.0)																			
SRR19621234_1	(242, 1.0)	(243, 0.0)	(244, 0.0)	(245, 0.0)	(246, 0.0)	(247, 3.0)	(248, 26.0)	(249, 4286.0)	(250, 40380.0)	(251, 3434.0)																																		
SRR19621234_2	(80, 1.0)	(85, 0.0)	(90, 0.0)	(95, 1.0)	(100, 0.0)	(105, 0.0)	(110, 0.0)	(115, 0.0)	(120, 1.0)	(125, 0.0)	(130, 0.0)	(135, 0.0)	(140, 0.0)	(145, 0.0)	(150, 0.0)	(155, 1.0)	(160, 0.0)	(165, 1.0)	(170, 0.0)	(175, 0.0)	(180, 1.0)	(185, 2.0)	(190, 0.0)	(195, 2.0)	(200, 1.0)	(205, 2.0)	(210, 3.0)	(215, 2.0)	(220, 0.0)	(225, 1.0)	(230, 0.0)	(235, 1.0)	(240, 1.0)	(245, 94.0)	(250, 48015.0)									
