.	Basic Statistics	Per Base Sequence Quality	Per Tile Sequence Quality	Per Sequence Quality Scores	Per Base Sequence Content	Per Sequence GC Content	Per Base N Content	Sequence Length Distribution	Sequence Duplication Levels	Overrepresented Sequences	Adapter Content
SRR19621115_1	1	1	0.25	1	0.25	0.25	0.5	0.5	0.25	0.25	1
SRR19621115_2	1	1	1	1	0.25	0.25	1	0.5	0.25	0.25	1
SRR19621116_1	1	1	0.25	1	0.25	0.25	0.5	0.5	0.25	0.25	1
SRR19621116_2	1	1	1	1	0.25	0.25	1	0.5	0.25	0.25	1
SRR19621117_1	1	1	0.25	1	0.25	0.25	0.5	0.5	0.25	0.25	1
SRR19621117_2	1	1	1	1	0.25	0.25	1	0.5	0.25	0.25	1
SRR19621118_1	1	1	0.25	1	0.25	0.25	0.5	0.5	0.25	0.25	1
SRR19621118_2	1	1	1	1	0.25	0.25	1	0.5	0.25	0.25	1
SRR19621119_1	1	1	0.25	1	0.25	0.25	0.5	0.5	0.25	0.25	1
SRR19621119_2	1	1	1	1	0.25	0.5	1	0.5	0.25	0.25	1
SRR19621120_1	1	1	0.25	1	0.25	0.25	0.5	0.5	0.25	0.25	1
SRR19621120_2	1	1	1	1	0.25	0.25	1	0.5	0.25	0.25	1
SRR19621121_1	1	1	0.25	1	0.25	0.25	0.5	0.5	0.25	0.25	1
SRR19621121_2	1	1	1	1	0.25	0.25	1	0.5	0.25	0.25	1
SRR19621122_1	1	1	0.25	1	0.25	0.25	0.5	0.5	0.25	0.25	1
SRR19621122_2	1	1	1	1	0.25	0.25	1	0.5	0.25	0.25	1
SRR19621123_1	1	1	0.25	1	0.25	0.25	0.5	0.5	0.25	0.25	1
SRR19621123_2	1	1	1	1	0.25	0.25	1	0.5	0.25	0.25	1
SRR19621124_1	1	1	0.25	1	0.25	0.25	0.5	0.5	0.25	0.25	1
SRR19621124_2	1	1	1	1	0.25	0.25	1	0.5	0.25	0.25	1
SRR19621125_1	1	1	0.25	1	0.25	0.25	0.5	0.5	0.25	0.25	1
SRR19621125_2	1	1	1	1	0.25	0.25	1	0.5	0.25	0.25	1
SRR19621126_1	1	1	0.25	1	0.25	0.25	0.5	0.5	0.25	0.25	1
SRR19621126_2	1	1	1	1	0.25	0.25	1	0.5	0.25	0.25	1
SRR19621127_1	1	1	0.25	1	0.25	0.25	0.5	0.5	0.25	0.25	1
SRR19621127_2	1	1	1	1	0.25	0.25	1	0.5	0.25	0.25	1
SRR19621128_1	1	1	0.25	1	0.25	0.25	0.5	0.5	0.25	0.25	1
SRR19621128_2	1	1	1	1	0.25	0.25	1	0.5	0.25	0.25	1
SRR19621129_1	1	1	0.25	1	0.25	0.25	0.5	0.5	0.25	0.25	1
SRR19621129_2	1	1	1	1	0.25	0.25	1	0.5	0.25	0.25	1
SRR19621130_1	1	1	0.25	1	0.25	0.25	0.5	0.5	0.25	0.25	1
SRR19621130_2	1	1	1	1	0.25	0.25	1	0.5	0.25	0.25	1
SRR19621131_1	1	1	0.25	1	0.25	0.25	0.5	0.5	0.25	0.25	1
SRR19621131_2	1	1	1	1	0.25	0.25	1	0.5	0.25	0.25	1
SRR19621132_1	1	1	0.25	1	0.25	0.25	0.5	0.5	0.25	0.25	1
SRR19621132_2	1	1	1	1	0.25	0.25	1	0.5	0.25	0.25	1
SRR19621133_1	1	1	0.25	1	0.25	0.25	0.5	0.5	0.25	0.25	1
SRR19621133_2	1	1	1	1	0.25	0.25	1	0.5	0.25	0.25	1
SRR19621134_1	1	1	0.25	1	0.25	0.25	0.5	0.5	0.25	0.25	1
SRR19621134_2	1	1	1	1	0.25	0.25	1	0.5	0.25	0.25	1
SRR19621135_1	1	1	0.25	1	0.25	0.25	0.5	0.5	0.25	0.25	1
SRR19621135_2	1	1	1	1	0.25	0.25	1	0.5	0.25	0.25	1
SRR19621136_1	1	1	0.25	1	0.25	0.25	0.5	0.5	0.25	0.25	1
SRR19621136_2	1	1	1	1	0.25	0.25	1	0.5	0.25	0.25	1
SRR19621137_1	1	1	0.25	1	0.25	0.25	0.5	0.5	0.25	0.25	1
SRR19621137_2	1	1	1	1	0.25	0.25	1	0.5	0.25	0.25	1
SRR19621138_1	1	1	0.25	1	0.25	0.25	0.5	0.5	0.25	0.25	1
SRR19621138_2	1	1	1	1	0.25	0.25	1	0.5	0.25	0.25	1
SRR19621139_1	1	1	0.25	1	0.25	0.25	0.5	0.5	0.25	0.25	1
SRR19621139_2	1	1	1	1	0.25	0.25	1	0.5	0.25	0.25	1
SRR19621140_1	1	1	0.25	1	0.25	0.25	0.5	0.5	0.25	0.25	1
SRR19621140_2	1	1	1	1	0.25	0.25	1	0.5	0.25	0.25	1
SRR19621141_1	1	1	0.25	1	0.25	0.25	0.5	0.5	0.25	0.25	1
SRR19621141_2	1	1	1	1	0.25	0.25	1	0.5	0.25	0.25	1
SRR19621142_1	1	1	0.25	1	0.25	0.25	0.5	0.5	0.25	0.25	1
SRR19621142_2	1	1	1	1	0.25	0.25	1	0.5	0.25	0.25	1
SRR19621143_1	1	1	0.25	1	0.25	0.25	0.5	0.5	0.25	0.25	1
SRR19621143_2	1	1	1	1	0.25	0.25	1	0.5	0.25	0.25	1
SRR19621144_1	1	1	0.25	1	0.25	0.25	0.5	0.5	0.25	0.25	1
SRR19621144_2	1	1	1	1	0.25	0.25	1	0.5	0.25	0.25	1
SRR19621145_1	1	1	0.25	1	0.25	0.25	0.5	0.5	0.25	0.25	1
SRR19621145_2	1	1	1	1	0.25	0.25	1	0.5	0.25	0.25	1
SRR19621146_1	1	1	0.25	1	0.25	0.25	0.5	0.5	0.25	0.25	1
SRR19621146_2	1	1	1	1	0.25	0.25	1	0.5	0.25	0.25	1
SRR19621147_1	1	1	0.25	1	0.25	0.25	0.5	0.5	0.25	0.25	1
SRR19621147_2	1	1	1	1	0.25	0.25	1	0.5	0.25	0.25	1
SRR19621148_1	1	1	0.25	1	0.25	0.25	0.5	0.5	0.25	0.25	1
SRR19621148_2	1	1	1	1	0.25	0.25	1	0.5	0.25	0.25	1
SRR19621149_1	1	1	0.25	1	0.25	0.25	0.5	0.5	0.25	0.25	1
SRR19621149_2	1	1	1	1	0.25	0.25	1	0.5	0.25	0.25	1
SRR19621150_1	1	1	0.25	1	0.25	0.25	0.5	0.5	0.25	0.25	1
SRR19621150_2	1	1	1	1	0.25	0.25	1	0.5	0.25	0.25	1
SRR19621151_1	1	1	0.25	1	0.25	0.25	0.5	0.5	0.25	0.25	1
SRR19621151_2	1	1	1	1	0.25	0.25	1	0.5	0.25	0.25	1
SRR19621152_1	1	1	0.25	1	0.25	0.25	0.5	0.5	0.25	0.25	1
SRR19621152_2	1	1	1	1	0.25	0.25	1	0.5	0.25	0.25	1
SRR19621153_1	1	1	0.25	1	0.25	0.25	0.5	0.5	0.25	0.25	1
SRR19621153_2	1	1	1	1	0.25	0.25	1	0.5	0.25	0.25	1
SRR19621154_1	1	1	0.25	1	0.25	0.25	0.5	0.5	0.25	0.25	1
SRR19621154_2	1	1	1	1	0.25	0.25	1	0.5	0.25	0.25	1
SRR19621155_1	1	1	0.25	1	0.25	0.25	0.5	0.5	0.25	0.25	1
SRR19621155_2	1	1	1	1	0.25	0.25	1	0.5	0.25	0.25	1
SRR19621156_1	1	1	0.25	1	0.25	0.25	0.5	0.5	0.25	0.25	1
SRR19621156_2	1	1	1	1	0.25	0.25	1	0.5	0.25	0.25	1
SRR19621157_1	1	1	0.25	1	0.25	0.25	0.5	0.5	0.25	0.25	1
SRR19621157_2	1	1	1	1	0.25	0.25	1	0.5	0.25	0.25	1
SRR19621158_1	1	1	0.25	1	0.25	0.25	0.5	0.5	0.25	0.25	1
SRR19621158_2	1	1	1	1	0.25	0.25	1	0.5	0.25	0.25	1
SRR19621159_1	1	1	0.25	1	0.25	0.25	0.5	0.5	0.25	0.25	1
SRR19621159_2	1	1	1	1	0.25	0.25	1	0.5	0.25	0.25	1
SRR19621160_1	1	1	0.25	1	0.25	0.25	0.5	0.5	0.25	0.25	1
SRR19621160_2	1	1	1	1	0.25	0.25	1	0.5	0.25	0.25	1
SRR19621161_1	1	1	0.25	1	0.25	0.25	0.5	0.5	0.25	0.25	1
SRR19621161_2	1	1	1	1	0.25	0.25	1	0.5	0.25	0.25	1
SRR19621162_1	1	1	0.25	1	0.25	0.25	0.5	0.5	0.25	0.25	1
SRR19621162_2	1	1	1	1	0.25	0.25	1	0.5	0.25	0.25	1
SRR19621163_1	1	1	0.25	1	0.25	0.25	0.5	0.5	0.25	0.25	1
SRR19621163_2	1	1	1	1	0.25	0.25	1	0.5	0.25	0.25	1
SRR19621164_1	1	1	0.25	1	0.25	0.25	0.5	0.5	0.25	0.25	1
SRR19621164_2	1	1	1	1	0.25	0.25	1	0.5	0.25	0.25	1
SRR19621165_1	1	1	0.25	1	0.25	0.25	0.5	0.5	0.25	0.25	1
SRR19621165_2	1	1	1	1	0.25	0.25	1	0.5	0.25	0.25	1
SRR19621166_1	1	1	0.25	1	0.25	0.25	0.5	0.5	0.25	0.25	1
SRR19621166_2	1	1	1	1	0.25	0.25	1	0.5	0.25	0.25	1
SRR19621167_1	1	1	0.25	1	0.25	0.25	0.5	0.5	0.25	0.25	1
SRR19621167_2	1	1	1	1	0.25	0.25	1	0.5	0.25	0.25	1
SRR19621168_1	1	1	0.25	1	0.25	0.25	0.5	0.5	0.25	0.25	1
SRR19621168_2	1	1	1	1	0.25	0.25	1	0.5	0.25	0.25	1
SRR19621169_1	1	1	0.25	1	0.25	0.25	0.5	0.5	0.25	0.25	1
SRR19621169_2	1	1	1	1	0.25	0.25	1	0.5	0.25	0.25	1
SRR19621170_1	1	1	0.25	1	0.25	0.25	0.5	0.5	0.25	0.25	1
SRR19621170_2	1	1	1	1	0.25	0.25	1	0.5	0.25	0.25	1
SRR19621171_1	1	1	0.25	1	0.25	0.25	0.5	0.5	0.25	0.25	1
SRR19621171_2	1	1	1	1	0.25	0.25	1	0.5	0.25	0.25	1
SRR19621172_1	1	1	0.25	1	0.25	0.25	0.5	0.5	0.25	0.25	1
SRR19621172_2	1	1	1	1	0.25	0.25	1	0.5	0.25	0.25	1
SRR19621173_1	1	1	0.25	1	0.25	0.25	0.5	0.5	0.25	0.25	1
SRR19621173_2	1	1	1	1	0.25	0.25	1	0.5	0.25	0.25	1
SRR19621174_1	1	1	0.25	1	0.25	0.25	0.5	0.5	0.25	0.25	1
SRR19621174_2	1	1	1	1	0.25	0.25	1	0.5	0.25	0.25	1
SRR19621175_1	1	1	0.25	1	0.25	0.25	0.5	0.5	0.25	0.25	1
SRR19621175_2	1	1	1	1	0.25	0.25	1	0.5	0.25	0.25	1
SRR19621176_1	1	1	0.25	1	0.25	0.25	0.5	0.5	0.25	0.25	1
SRR19621176_2	1	1	1	1	0.25	0.25	1	0.5	0.25	0.25	1
SRR19621177_1	1	1	0.25	1	0.25	0.25	0.5	0.5	0.25	0.25	1
SRR19621177_2	1	1	1	1	0.25	0.25	1	0.5	0.25	0.25	1
SRR19621178_1	1	1	0.25	1	0.25	0.25	0.5	0.5	0.25	0.25	1
SRR19621178_2	1	1	1	1	0.25	0.25	1	0.5	0.25	0.25	1
SRR19621179_1	1	1	0.25	1	0.25	0.25	0.5	0.5	0.25	0.25	1
SRR19621179_2	1	1	1	1	0.25	0.25	1	0.5	0.25	0.25	1
SRR19621180_1	1	1	0.25	1	0.25	0.25	0.5	0.5	0.25	0.25	1
SRR19621180_2	1	1	1	1	0.25	0.25	1	0.5	0.25	0.25	1
SRR19621181_1	1	1	0.25	1	0.25	0.25	0.5	0.5	0.25	0.25	1
SRR19621181_2	1	1	1	1	0.25	0.25	1	0.5	0.25	0.25	1
SRR19621182_1	1	1	0.25	1	0.25	0.25	0.5	0.5	0.25	0.25	1
SRR19621182_2	1	1	1	1	0.25	0.25	1	0.5	0.25	0.25	1
SRR19621183_1	1	1	0.25	1	0.25	0.25	0.5	0.5	0.25	0.25	1
SRR19621183_2	1	1	1	1	0.25	0.25	1	0.5	0.25	0.25	1
SRR19621184_1	1	1	0.25	1	0.25	0.25	0.5	0.5	0.25	0.25	1
SRR19621184_2	1	1	1	1	0.25	0.25	1	0.5	0.25	0.25	1
SRR19621185_1	1	1	0.25	1	0.25	0.25	0.5	0.5	0.25	0.25	1
SRR19621185_2	1	1	1	1	0.25	0.25	1	0.5	0.25	0.25	1
SRR19621186_1	1	1	0.25	1	0.25	0.25	0.5	0.5	0.25	0.25	1
SRR19621186_2	1	1	1	1	0.25	0.25	1	0.5	0.25	0.25	1
SRR19621187_1	1	1	0.25	1	0.25	0.25	0.5	0.5	0.25	0.25	1
SRR19621187_2	1	1	1	1	0.25	0.25	1	0.5	0.25	0.25	1
SRR19621188_1	1	1	0.25	1	0.25	0.25	0.5	0.5	0.25	0.25	1
SRR19621188_2	1	1	1	1	0.25	0.25	1	0.5	0.25	0.25	1
SRR19621189_1	1	1	0.25	1	0.25	0.25	0.5	0.5	0.25	0.25	1
SRR19621189_2	1	1	1	1	0.25	0.25	1	0.5	0.25	0.25	1
SRR19621190_1	1	1	0.25	1	0.25	0.5	0.5	0.5	0.25	0.25	1
SRR19621190_2	1	1	1	1	0.25	0.25	1	0.5	0.25	0.25	1
SRR19621191_1	1	1	0.25	1	0.25	0.25	0.5	0.5	0.25	0.25	1
SRR19621191_2	1	1	1	1	0.25	0.25	1	0.5	0.25	0.25	1
SRR19621192_1	1	1	0.25	1	0.25	0.25	0.5	0.5	0.25	0.25	1
SRR19621192_2	1	1	1	1	0.25	0.25	1	0.5	0.25	0.25	1
SRR19621193_1	1	1	0.25	1	0.25	0.25	0.5	0.5	0.25	0.25	1
SRR19621193_2	1	1	1	1	0.25	0.25	1	0.5	0.25	0.25	1
SRR19621194_1	1	1	0.25	1	0.25	0.25	0.5	0.5	0.25	0.25	1
SRR19621194_2	1	1	1	1	0.25	0.25	1	0.5	0.25	0.25	1
SRR19621195	1	1	1	1	0.25	0.25	1	0.5	0.25	0.25	1
SRR19621195_1	1	1	0.25	1	0.25	0.25	1	0.5	0.25	0.25	1
SRR19621195_2	1	1	1	1	0.25	0.25	1	0.5	0.25	0.25	1
SRR19621196_1	1	1	0.25	1	0.25	0.25	0.5	0.5	0.25	0.25	1
SRR19621196_2	1	1	1	1	0.25	0.25	1	0.5	0.25	0.25	1
SRR19621197_1	1	1	0.25	1	0.25	0.25	0.5	0.5	0.25	0.25	1
SRR19621197_2	1	1	1	1	0.25	0.25	1	0.5	0.25	0.25	1
SRR19621198_1	1	1	0.25	1	0.25	0.25	0.5	0.5	0.25	0.25	1
SRR19621198_2	1	1	1	1	0.25	0.25	1	0.5	0.25	0.25	1
SRR19621199_1	1	1	0.25	1	0.25	0.25	0.5	0.5	0.25	0.25	1
SRR19621199_2	1	1	1	1	0.25	0.25	1	0.5	0.25	0.25	1
SRR19621200_1	1	1	0.25	1	0.25	0.25	0.5	0.5	0.25	0.25	1
SRR19621200_2	1	1	1	1	0.25	0.25	1	0.5	0.25	0.25	1
SRR19621201_1	1	1	0.25	1	0.25	0.25	0.5	0.5	0.25	0.25	1
SRR19621201_2	1	1	1	1	0.25	0.25	1	0.5	0.25	0.25	1
SRR19621202_1	1	1	0.25	1	0.25	0.25	0.5	0.5	0.25	0.25	1
SRR19621202_2	1	1	1	1	0.25	0.25	1	0.5	0.25	0.25	1
SRR19621203_1	1	1	0.25	1	0.25	0.25	0.5	0.5	0.25	0.25	1
SRR19621203_2	1	1	1	1	0.25	0.25	1	0.5	0.25	0.25	1
SRR19621204_1	1	1	0.25	1	0.25	0.5	0.5	0.5	0.25	0.25	1
SRR19621204_2	1	1	1	1	0.25	0.25	1	0.5	0.25	0.25	1
SRR19621205_1	1	1	0.25	1	0.25	0.25	0.5	0.5	0.25	0.25	1
SRR19621205_2	1	1	1	1	0.25	0.25	1	0.5	0.25	0.25	1
SRR19621206_1	1	1	0.25	1	0.25	0.5	0.5	0.5	0.25	0.25	1
SRR19621206_2	1	1	1	1	0.25	0.5	1	0.5	0.25	0.25	1
SRR19621207_1	1	1	0.25	1	0.25	0.25	0.5	0.5	0.25	0.25	1
SRR19621207_2	1	1	1	1	0.25	0.25	1	0.5	0.25	0.25	1
SRR19621208_1	1	1	0.25	1	0.25	0.25	0.5	0.5	0.25	0.25	1
SRR19621208_2	1	1	1	1	0.25	0.25	1	0.5	0.25	0.25	1
SRR19621209_1	1	1	0.25	1	0.25	0.25	0.5	0.5	0.25	0.25	1
SRR19621209_2	1	1	1	1	0.25	0.25	1	0.5	0.25	0.25	1
SRR19621210_1	1	1	0.25	1	0.25	0.25	0.5	0.5	0.25	0.25	1
SRR19621210_2	1	1	1	1	0.25	0.25	1	0.5	0.25	0.25	1
SRR19621211_1	1	1	0.25	1	0.25	0.25	0.5	0.5	0.25	0.25	1
SRR19621211_2	1	1	1	1	0.25	0.25	1	0.5	0.25	0.25	1
SRR19621212_1	1	1	0.25	1	0.25	0.25	0.5	0.5	0.25	0.25	1
SRR19621212_2	1	1	1	1	0.25	0.25	1	0.5	0.25	0.25	1
SRR19621213_1	1	1	0.25	1	0.25	0.25	0.5	0.5	0.25	0.25	1
SRR19621213_2	1	1	1	1	0.25	0.25	1	0.5	0.25	0.25	1
SRR19621214_1	1	1	0.25	1	0.25	0.25	0.5	0.5	0.25	0.25	1
SRR19621214_2	1	1	1	1	0.25	0.25	1	0.5	0.25	0.25	1
SRR19621215_1	1	1	0.25	1	0.25	0.25	0.5	0.5	0.25	0.25	1
SRR19621215_2	1	1	1	1	0.25	0.25	1	0.5	0.25	0.25	1
SRR19621216_1	1	1	0.25	1	0.25	0.25	0.5	0.5	0.25	0.25	1
SRR19621216_2	1	1	1	1	0.25	0.25	1	0.5	0.25	0.25	1
SRR19621217_1	1	1	0.25	1	0.25	0.25	0.5	0.5	0.25	0.25	1
SRR19621217_2	1	1	1	1	0.25	0.25	1	0.5	0.25	0.25	1
SRR19621218_1	1	1	0.25	1	0.25	0.25	0.5	0.5	0.25	0.25	1
SRR19621218_2	1	1	1	1	0.25	0.25	1	0.5	0.25	0.25	1
SRR19621219_1	1	1	0.25	1	0.25	0.25	0.5	0.5	0.25	0.25	1
SRR19621219_2	1	1	1	1	0.25	0.25	1	0.5	0.25	0.25	1
SRR19621220_1	1	1	0.25	1	0.25	0.25	0.5	0.5	0.25	0.25	1
SRR19621220_2	1	1	1	1	0.25	0.25	1	0.5	0.25	0.25	1
SRR19621221_1	1	1	0.25	1	0.25	0.25	0.5	0.5	0.25	0.25	1
SRR19621221_2	1	1	1	1	0.25	0.25	1	0.5	0.25	0.25	1
SRR19621222_1	1	1	0.25	1	0.25	0.25	0.5	0.5	0.25	0.25	1
SRR19621222_2	1	1	1	1	0.25	0.25	1	0.5	0.25	0.25	1
SRR19621223_1	1	1	0.25	1	0.25	0.25	0.5	0.5	0.25	0.25	1
SRR19621223_2	1	1	1	1	0.25	0.25	1	0.5	0.25	0.25	1
SRR19621224_1	1	1	0.25	1	0.25	0.25	0.5	0.5	0.25	0.25	1
SRR19621224_2	1	1	1	1	0.25	0.25	1	0.5	0.25	0.25	1
SRR19621225_1	1	1	0.25	1	0.25	0.25	0.5	0.5	0.25	0.25	1
SRR19621225_2	1	1	1	1	0.25	0.25	1	0.5	0.25	0.25	1
SRR19621226_1	1	1	0.25	1	0.25	0.25	0.5	0.5	0.25	0.25	1
SRR19621226_2	1	1	1	1	0.25	0.25	1	0.5	0.25	0.25	1
SRR19621227_1	1	1	0.25	1	0.25	0.25	0.5	0.5	0.25	0.25	1
SRR19621227_2	1	1	1	1	0.25	0.25	1	0.5	0.25	0.25	1
SRR19621228_1	1	1	0.25	1	0.25	0.25	0.5	0.5	0.25	0.25	1
SRR19621228_2	1	1	1	1	0.25	0.25	1	0.5	0.25	0.25	1
SRR19621229_1	1	1	0.25	1	0.25	0.25	0.5	0.5	0.25	0.25	1
SRR19621229_2	1	1	1	1	0.25	0.25	1	0.5	0.25	0.25	1
SRR19621230_1	1	1	0.25	1	0.25	0.25	0.5	0.5	0.25	0.25	1
SRR19621230_2	1	1	1	1	0.25	0.25	1	0.5	0.25	0.25	1
SRR19621231_1	1	1	0.25	1	0.25	0.25	0.5	0.5	0.25	0.25	1
SRR19621231_2	1	1	1	1	0.25	0.25	1	0.5	0.25	0.25	1
SRR19621232_1	1	1	0.25	1	0.25	0.25	0.5	0.5	0.25	0.25	1
SRR19621232_2	1	1	1	1	0.25	0.25	1	0.5	0.25	0.25	1
SRR19621233_1	1	1	0.25	1	0.25	0.25	0.5	0.5	0.25	0.25	1
SRR19621233_2	1	1	1	1	0.25	0.25	1	0.5	0.25	0.25	1
SRR19621234_1	1	1	0.25	1	0.25	0.25	0.5	0.5	0.25	0.25	1
SRR19621234_2	1	1	1	1	0.25	0.25	1	0.5	0.25	0.25	1
