Sample	fastqc-percent_duplicates	fastqc-percent_gc	fastqc-avg_sequence_length	fastqc-median_sequence_length	fastqc-percent_fails	fastqc-total_sequences
SRR19621115_1	91.70724076572613	53.0	249.85592772921922	250	45.45454545454545	0.051141
SRR19621115_2	88.02526348722161	54.0	250.9696329754991	251	36.36363636363637	0.051141
SRR19621116_1	91.61646686813296	54.0	249.91812596313568	250	45.45454545454545	0.049967
SRR19621116_2	87.64784757940241	54.0	250.96001360898194	251	36.36363636363637	0.049967
SRR19621117_1	93.10545666339048	54.0	249.729296348877	250	45.45454545454545	0.054942
SRR19621117_2	88.60616650285756	54.0	250.97328091441884	251	36.36363636363637	0.054942
SRR19621118_1	94.642639717521	53.0	249.9989802751735	250	45.45454545454545	0.065704
SRR19621118_2	90.37653719712651	54.0	250.9816449531231	251	36.36363636363637	0.065704
SRR19621119_1	93.4878277153558	53.0	249.9620006242197	250	45.45454545454545	0.06408
SRR19621119_2	91.21410736579276	53.0	250.98082084893883	251	27.27272727272727	0.06408
SRR19621120_1	93.98290865103212	53.0	249.97233386662504	250	45.45454545454545	0.07688099999999999
SRR19621120_2	90.34872075025038	54.0	250.97596285167987	251	36.36363636363637	0.07688099999999999
SRR19621121_1	93.30546723881095	53.0	249.9587566978678	250	45.45454545454545	0.044976999999999996
SRR19621121_2	90.2705827422905	53.0	250.9672276941548	251	36.36363636363637	0.044976999999999996
SRR19621122_1	93.40264060713172	53.0	249.89067470631042	250	45.45454545454545	0.048095
SRR19621122_2	88.72024118931282	54.0	250.9734899677721	251	36.36363636363637	0.048095
SRR19621123_1	93.68211440984794	53.0	249.91846488052136	250	45.45454545454545	0.05524
SRR19621123_2	90.0488776249095	54.0	250.9781679942071	251	36.36363636363637	0.05524
SRR19621124_1	94.15967905783502	54.0	249.87842421529297	250	45.45454545454545	0.058079
SRR19621124_2	90.03598546806936	55.0	250.95924516606692	251	36.36363636363637	0.058079
SRR19621125_1	93.22990561964099	53.0	249.96562519277035	250	45.45454545454545	0.064844
SRR19621125_2	89.18327061871568	53.0	250.96126087224724	251	36.36363636363637	0.064844
SRR19621126_1	94.47583071471551	53.0	250.22399211071738	250	45.45454545454545	0.059828
SRR19621126_2	92.32800695326603	53.0	250.9698468944307	251	36.36363636363637	0.059828
SRR19621127_1	93.44074826332589	53.0	250.0084316168564	250	45.45454545454545	0.058588999999999995
SRR19621127_2	90.44701223779208	53.0	250.9532335421325	251	36.36363636363637	0.058588999999999995
SRR19621128_1	92.87011257716983	53.0	249.90784581596833	250	45.45454545454545	0.057826999999999996
SRR19621128_2	89.22994448959828	54.0	250.96396147128505	251	36.36363636363637	0.057826999999999996
SRR19621129_1	92.16638677173492	53.0	250.0026353184343	250	45.45454545454545	0.038704999999999996
SRR19621129_2	89.30629117685054	54.0	250.98150109804934	251	36.36363636363637	0.038704999999999996
SRR19621130_1	93.24617467643077	54.0	249.9881636990988	250	45.45454545454545	0.068687
SRR19621130_2	89.94278393291307	55.0	250.98043297858402	251	36.36363636363637	0.068687
SRR19621131_1	92.5092948131895	53.0	249.97373072469068	250	45.45454545454545	0.06562799999999999
SRR19621131_2	89.7254220759432	54.0	250.97225269701957	251	36.36363636363637	0.06562799999999999
SRR19621132_1	93.72893188391343	54.0	250.00151590705096	250	45.45454545454545	0.050135
SRR19621132_2	89.4185698613743	55.0	250.96934277450882	251	36.36363636363637	0.050135
SRR19621133_1	93.51941386492115	53.0	249.94142368342756	250	45.45454545454545	0.053776
SRR19621133_2	90.76167807200238	54.0	250.96370127938113	251	36.36363636363637	0.053776
SRR19621134_1	93.61408797632396	53.0	249.93152699398908	250	45.45454545454545	0.054401
SRR19621134_2	90.1968713810408	54.0	250.96591974412235	251	36.36363636363637	0.054401
SRR19621135_1	92.32857338382226	54.0	250.01786121629635	250	45.45454545454545	0.043837999999999995
SRR19621135_2	88.49400063871528	55.0	250.9771659291026	251	36.36363636363637	0.043837999999999995
SRR19621136_1	93.09360635879395	54.0	250.02135638783332	250	45.45454545454545	0.060263
SRR19621136_2	89.81962398154755	54.0	250.96274662728374	251	36.36363636363637	0.060263
SRR19621137_1	92.29829099871672	54.0	249.98922453302916	250	45.45454545454545	0.049093
SRR19621137_2	87.24461735889027	55.0	250.9533538386328	251	36.36363636363637	0.049093
SRR19621138_1	92.30737192836318	53.0	249.9679092044981	250	45.45454545454545	0.04802
SRR19621138_2	86.24947938359017	54.0	250.96576426488963	251	36.36363636363637	0.04802
SRR19621139_1	93.77935120294777	51.0	249.9941959877658	250	45.45454545454545	0.041523
SRR19621139_2	88.17281988295643	51.0	250.97615779206706	251	36.36363636363637	0.041523
SRR19621140_1	93.44524949708935	53.0	250.13743257436846	250	45.45454545454545	0.056173
SRR19621140_2	89.80115001869225	54.0	250.9587524255425	251	36.36363636363637	0.056173
SRR19621141_1	92.59848467507497	55.0	249.98779957424406	250	45.45454545454545	0.087374
SRR19621141_2	87.64849955364296	55.0	250.96484079932245	251	36.36363636363637	0.087374
SRR19621142_1	93.67321257078518	50.0	250.03266880815974	250	45.45454545454545	0.060393999999999996
SRR19621142_2	87.48054442494288	51.0	250.95925091896547	251	36.36363636363637	0.060393999999999996
SRR19621143_1	93.71970150879677	51.0	250.03427928173284	250	45.45454545454545	0.055077
SRR19621143_2	87.3141238629555	52.0	250.9721843963905	251	36.36363636363637	0.055077
SRR19621144_1	94.16948320672846	54.0	250.0003346384232	250	45.45454545454545	0.08964899999999999
SRR19621144_2	90.22409619739204	54.0	250.95453379290345	251	36.36363636363637	0.08964899999999999
SRR19621145_1	93.22256230870136	54.0	249.98428186776516	250	45.45454545454545	0.043453
SRR19621145_2	89.23894782868847	54.0	250.96755114721654	251	36.36363636363637	0.043453
SRR19621146_1	93.01368078175896	54.0	249.94144625407165	250	45.45454545454545	0.038375
SRR19621146_2	89.22475570032573	54.0	250.96635830618894	251	36.36363636363637	0.038375
SRR19621147_1	93.4966180733521	54.0	249.97802797966642	250	45.45454545454545	0.047605999999999996
SRR19621147_2	89.60215098937108	55.0	250.96279880687308	251	36.36363636363637	0.047605999999999996
SRR19621148_1	92.71028760420091	54.0	249.91855404908807	250	45.45454545454545	0.051703
SRR19621148_2	89.19405063535964	54.0	250.96187842098138	251	36.36363636363637	0.051703
SRR19621149_1	93.96380161404059	53.0	249.9257541330408	250	45.45454545454545	0.063815
SRR19621149_2	91.17448875656194	53.0	250.959084854658	251	36.36363636363637	0.063815
SRR19621150_1	93.51252491626082	52.0	249.99689702648828	250	45.45454545454545	0.048663
SRR19621150_2	89.52181328730246	53.0	250.97437478166162	251	36.36363636363637	0.048663
SRR19621151_1	93.71809649267249	54.0	249.94561995718755	250	45.45454545454545	0.048583999999999995
SRR19621151_2	91.1596410340853	55.0	250.97493001811296	251	36.36363636363637	0.048583999999999995
SRR19621152_1	94.49858124253285	53.0	249.99557571684588	250	45.45454545454545	0.053568
SRR19621152_2	90.2105734767025	53.0	250.9624962664277	251	36.36363636363637	0.053568
SRR19621153_1	93.42959891380133	54.0	249.99515614105906	250	45.45454545454545	0.054501999999999995
SRR19621153_2	88.45179993394737	55.0	250.96651499027558	251	36.36363636363637	0.054501999999999995
SRR19621154_1	93.34329317876661	53.0	249.93687475179183	250	45.45454545454545	0.052878999999999995
SRR19621154_2	89.96955313073242	54.0	250.9708769076571	251	36.36363636363637	0.052878999999999995
SRR19621155_1	93.3935166187936	53.0	249.9245159846309	250	45.45454545454545	0.053613999999999995
SRR19621155_2	89.90562166598276	54.0	250.96629611668595	251	36.36363636363637	0.053613999999999995
SRR19621156_1	93.17174737066894	53.0	249.8953606321072	250	45.45454545454545	0.056193
SRR19621156_2	90.29772391579023	54.0	250.97869841439325	251	36.36363636363637	0.056193
SRR19621157_1	93.21647307286167	53.0	249.94411826821542	250	45.45454545454545	0.047349999999999996
SRR19621157_2	90.14994720168954	53.0	250.97463569165788	251	36.36363636363637	0.047349999999999996
SRR19621158_1	94.01153943697692	53.0	249.89121544509257	250	45.45454545454545	0.06308799999999999
SRR19621158_2	91.411995942176	54.0	250.96796538168908	251	36.36363636363637	0.06308799999999999
SRR19621159_1	95.44920781168139	53.0	249.80085391336814	250	45.45454545454545	0.16605899999999998
SRR19621159_2	93.21927748571291	54.0	250.97014314189536	251	36.36363636363637	0.16605899999999998
SRR19621160_1	93.13488989708975	52.0	249.93442514108665	250	45.45454545454545	0.045184999999999996
SRR19621160_2	88.4187230275534	53.0	250.9695252849397	251	36.36363636363637	0.045184999999999996
SRR19621161_1	93.09153713298791	52.0	249.9815244068721	250	45.45454545454545	0.044004
SRR19621161_2	88.98736478501954	52.0	250.96952549768204	251	36.36363636363637	0.044004
SRR19621162_1	92.04179880900773	54.0	249.78961418239066	250	45.45454545454545	0.043829
SRR19621162_2	88.53042506103264	54.0	250.96600424376555	251	36.36363636363637	0.043829
SRR19621163_1	93.94896452028534	53.0	249.77627981521636	250	45.45454545454545	0.06364199999999999
SRR19621163_2	91.15364067753998	54.0	250.96620156500424	251	36.36363636363637	0.06364199999999999
SRR19621164_1	92.55655664390585	53.0	249.7853792622003	250	45.45454545454545	0.045839
SRR19621164_2	85.91156002530596	54.0	250.9638953729357	251	36.36363636363637	0.045839
SRR19621165_1	92.71300795394757	52.0	249.97502398563955	250	45.45454545454545	0.064622
SRR19621165_2	88.88304292655752	53.0	250.95622233914148	251	36.36363636363637	0.064622
SRR19621166_1	93.44861928474423	51.0	249.9624083295609	250	45.45454545454545	0.055224999999999996
SRR19621166_2	88.30964237211408	52.0	250.97015844273426	251	36.36363636363637	0.055224999999999996
SRR19621167_1	93.21484534312147	52.0	249.899843303926	250	45.45454545454545	0.046586999999999996
SRR19621167_2	89.48633739025908	52.0	250.96790950265094	251	36.36363636363637	0.046586999999999996
SRR19621168_1	92.23061005518088	53.0	249.8096451563458	250	45.45454545454545	0.052191999999999995
SRR19621168_2	88.48674126302882	53.0	250.97378908645004	251	36.36363636363637	0.052191999999999995
SRR19621169_1	91.713485934367	53.0	249.83933215540688	250	45.45454545454545	0.050371
SRR19621169_2	89.21006134482143	53.0	250.96422544718192	251	36.36363636363637	0.050371
SRR19621170_1	91.52030823567186	53.0	249.9639910097929	250	45.45454545454545	0.06229
SRR19621170_2	87.41371006582116	54.0	250.9587092631241	251	36.36363636363637	0.06229
SRR19621171_1	92.02866099417824	53.0	249.9016358894655	250	45.45454545454545	0.037961
SRR19621171_2	89.67624667421828	54.0	250.97349911751533	251	36.36363636363637	0.037961
SRR19621172_1	93.20206396339385	53.0	249.94584530010223	250	45.45454545454545	0.041086
SRR19621172_2	88.7674633695176	54.0	250.97079297084164	251	36.36363636363637	0.041086
SRR19621173_1	92.07765624000511	53.0	249.97375743619267	250	45.45454545454545	0.06253199999999999
SRR19621173_2	87.51359304036333	53.0	250.96638521077207	251	36.36363636363637	0.06253199999999999
SRR19621174_1	92.11652706542193	52.0	249.968432899155	250	45.45454545454545	0.054202
SRR19621174_2	89.36570606250692	53.0	250.96902328327369	251	36.36363636363637	0.054202
SRR19621175_1	93.84328612052192	53.0	249.93867776916065	250	45.45454545454545	0.07349699999999999
SRR19621175_2	89.86081064533246	54.0	250.9596582173422	251	36.36363636363637	0.07349699999999999
SRR19621176_1	93.56823662930913	51.0	249.89823024542488	250	45.45454545454545	0.056392
SRR19621176_2	89.7343594836147	52.0	250.97065186551285	251	36.36363636363637	0.056392
SRR19621177_1	92.78851483685008	53.0	249.87631647019697	250	45.45454545454545	0.054121999999999997
SRR19621177_2	88.76981634085953	54.0	250.9645245925871	251	36.36363636363637	0.054121999999999997
SRR19621178_1	92.68830877402947	55.0	249.90719201136957	250	45.45454545454545	0.053475999999999996
SRR19621178_2	89.2400329119605	55.0	250.96602214077342	251	36.36363636363637	0.053475999999999996
SRR19621179_1	92.87302595752405	55.0	249.92087946995824	250	45.45454545454545	0.044072
SRR19621179_2	89.75993828280994	55.0	250.96299237611183	251	36.36363636363637	0.044072
SRR19621180_1	94.901897914637	53.0	249.99479584160613	250	45.45454545454545	0.081089
SRR19621180_2	91.3601104958749	54.0	250.96247333177126	251	36.36363636363637	0.081089
SRR19621181_1	96.12486407503059	55.0	249.86730537243443	250	45.45454545454545	0.470848
SRR19621181_2	89.24960921571292	56.0	250.9636103370939	251	36.36363636363637	0.470848
SRR19621182_1	93.61699306540793	53.0	249.9808536310479	250	45.45454545454545	0.075419
SRR19621182_2	90.67211180206579	54.0	250.95351304048052	251	36.36363636363637	0.075419
SRR19621183_1	92.84292129119716	53.0	249.95905701940185	250	45.45454545454545	0.047212
SRR19621183_2	90.2715411336101	54.0	250.9610268575786	251	36.36363636363637	0.047212
SRR19621184_1	92.18014052968883	53.0	249.9736506833449	250	45.45454545454545	0.051803999999999996
SRR19621184_2	88.64180372172034	54.0	250.9619334414331	251	36.36363636363637	0.051803999999999996
SRR19621185_1	88.73002523128679	53.0	249.9555298570227	250	45.45454545454545	0.009512
SRR19621185_2	84.69301934398655	53.0	250.96488645920942	251	36.36363636363637	0.009512
SRR19621186_1	93.68717969091415	53.0	249.99187557109371	250	45.45454545454545	0.050342
SRR19621186_2	90.69564181001947	54.0	250.97304437646497	251	36.36363636363637	0.050342
SRR19621187_1	93.58809848424092	54.0	249.88838319031197	250	45.45454545454545	0.049876
SRR19621187_2	90.83928141791644	54.0	250.95757478546795	251	36.36363636363637	0.049876
SRR19621188_1	93.20795660036167	53.0	249.9355877034358	250	45.45454545454545	0.027649999999999997
SRR19621188_2	88.95479204339964	54.0	250.95757685352623	251	36.36363636363637	0.027649999999999997
SRR19621189_1	91.36052381666417	53.0	249.9232768531014	250	45.45454545454545	0.040014
SRR19621189_2	87.31943819663118	54.0	250.9497925725996	251	36.36363636363637	0.040014
SRR19621190_1	92.68810441072411	53.0	249.82978221558298	250	36.36363636363637	0.050876
SRR19621190_2	89.48423618208979	54.0	250.96114081295698	251	36.36363636363637	0.050876
SRR19621191_1	93.3014061544732	53.0	249.92559608722235	250	45.45454545454545	0.049069999999999996
SRR19621191_2	90.26900346443855	54.0	250.96918687589158	251	36.36363636363637	0.049069999999999996
SRR19621192_1	93.43703590876204	53.0	249.94802178134876	250	45.45454545454545	0.052522
SRR19621192_2	91.07612048284528	53.0	250.98301664064581	251	36.36363636363637	0.052522
SRR19621193_1	93.90856351199238	53.0	249.9793055675816	250	45.45454545454545	0.046196
SRR19621193_2	91.10529050134211	53.0	250.97077669062256	251	36.36363636363637	0.046196
SRR19621194_1	94.55819591823179	53.0	249.96069346883874	250	45.45454545454545	0.060218999999999995
SRR19621194_2	92.13039074046398	54.0	250.9705740713064	251	36.36363636363637	0.060218999999999995
SRR19621195	90.3242020608193	54.0	250.97403032587752	251	36.36363636363637	0.023874
SRR19621195_1	93.94275232162647	54.0	249.81503420338595	250	45.45454545454545	0.026167
SRR19621195_2	90.07528566515076	54.0	250.95887950471968	251	36.36363636363637	0.026167
SRR19621196_1	93.51645151897506	52.0	249.95484324953898	250	45.45454545454545	0.041212
SRR19621196_2	88.02290594972338	53.0	250.96304474424926	251	36.36363636363637	0.041212
SRR19621197_1	95.45297953658408	52.0	249.86199657119235	250	45.45454545454545	0.24673299999999998
SRR19621197_2	91.61563309326276	53.0	250.9638070302716	251	36.36363636363637	0.24673299999999998
SRR19621198_1	92.87952286282307	53.0	249.91311332007953	250	45.45454545454545	0.062875
SRR19621198_2	89.15467196819085	54.0	250.9700675944334	251	36.36363636363637	0.062875
SRR19621199_1	92.8732715971077	53.0	249.90544209057467	250	45.45454545454545	0.039415
SRR19621199_2	90.1661803881771	53.0	250.98409235062795	251	36.36363636363637	0.039415
SRR19621200_1	93.98583037189616	53.0	249.93465221032616	250	45.45454545454545	0.044178999999999996
SRR19621200_2	91.34883089250549	54.0	250.97313203105548	251	36.36363636363637	0.044178999999999996
SRR19621201_1	92.77366363020731	53.0	249.93214933263428	250	45.45454545454545	0.045777
SRR19621201_2	88.00926229329139	53.0	250.965375625314	251	36.36363636363637	0.045777
SRR19621202_1	91.54197285734756	55.0	249.81941743598142	250	45.45454545454545	0.048853
SRR19621202_2	88.02939430536507	55.0	250.98071766319367	251	36.36363636363637	0.048853
SRR19621203_1	93.25347048001338	53.0	249.9942716173273	250	45.45454545454545	0.047832
SRR19621203_2	89.98160227462786	54.0	250.96692590734236	251	36.36363636363637	0.047832
SRR19621204_1	91.9137938586885	53.0	249.84337903543738	250	36.36363636363637	0.045658
SRR19621204_2	88.44452231810416	53.0	250.96519777476018	251	36.36363636363637	0.045658
SRR19621205_1	91.26258205689278	53.0	249.90310722100656	250	45.45454545454545	0.0457
SRR19621205_2	86.29540481400437	54.0	250.96579868708972	251	36.36363636363637	0.0457
SRR19621206_1	92.65746942202378	53.0	249.92266300303393	250	36.36363636363637	0.052406999999999995
SRR19621206_2	89.74564466578892	53.0	250.96563436182188	251	27.27272727272727	0.052406999999999995
SRR19621207_1	93.39357842130485	53.0	249.84713664681317	250	45.45454545454545	0.116856
SRR19621207_2	87.71479427671665	54.0	250.95564626548915	251	36.36363636363637	0.116856
SRR19621208_1	94.49681232952803	53.0	249.91566145198598	250	45.45454545454545	0.12062099999999999
SRR19621208_2	91.77672212964575	54.0	250.9697813813515	251	36.36363636363637	0.12062099999999999
SRR19621209_1	93.0144023484084	52.0	249.9913769378956	250	45.45454545454545	0.043604
SRR19621209_2	91.00082561232915	53.0	250.9570681588845	251	36.36363636363637	0.043604
SRR19621210_1	93.15596637850523	53.0	249.8641250987811	250	45.45454545454545	0.041759
SRR19621210_2	90.58885509710481	53.0	250.9595536291578	251	36.36363636363637	0.041759
SRR19621211_1	93.5601159572203	53.0	249.95296198634063	250	45.45454545454545	0.061057
SRR19621211_2	90.35327644659908	54.0	250.97687406849337	251	36.36363636363637	0.061057
SRR19621212_1	94.14565105506948	53.0	249.95473494595984	250	45.45454545454545	0.07772
SRR19621212_2	90.25733401955739	54.0	250.96910705095215	251	36.36363636363637	0.07772
SRR19621213_1	93.7455331462339	53.0	249.94216187006467	250	45.45454545454545	0.057366999999999994
SRR19621213_2	89.90534627921976	54.0	250.97449753342514	251	36.36363636363637	0.057366999999999994
SRR19621214_1	92.1505358082978	54.0	249.84138036445154	250	45.45454545454545	0.058883
SRR19621214_2	87.59234414007439	55.0	250.95377273576415	251	36.36363636363637	0.058883
SRR19621215_1	93.71106539564802	54.0	249.84402978587778	250	45.45454545454545	0.06902599999999999
SRR19621215_2	90.31524353142294	54.0	250.97202503404515	251	36.36363636363637	0.06902599999999999
SRR19621216_1	92.9503833219107	53.0	249.66223043942557	250	45.45454545454545	0.06274099999999999
SRR19621216_2	88.79520568687143	54.0	250.96026521732202	251	36.36363636363637	0.06274099999999999
SRR19621217_1	92.30816923763702	52.0	250.01473141213233	250	45.45454545454545	0.080644
SRR19621217_2	88.29795149050146	53.0	250.96845394573683	251	36.36363636363637	0.080644
SRR19621218_1	92.25257642472737	53.0	249.98819500339314	250	45.45454545454545	0.063363
SRR19621218_2	88.02455691807522	53.0	250.95620472515506	251	36.36363636363637	0.063363
SRR19621219_1	92.4783984943109	53.0	249.98170929934125	250	45.45454545454545	0.058445
SRR19621219_2	89.8519976045855	53.0	250.97045085122764	251	36.36363636363637	0.058445
SRR19621220_1	93.66747811507521	53.0	249.75268019797193	250	45.45454545454545	0.062028999999999994
SRR19621220_2	90.66726853568493	53.0	250.96882103532218	251	36.36363636363637	0.062028999999999994
SRR19621221_1	93.21258155613984	53.0	249.88236439770182	250	45.45454545454545	0.041076
SRR19621221_2	90.14266238192619	53.0	250.96754795987925	251	36.36363636363637	0.041076
SRR19621222_1	94.17062020184594	54.0	249.9037695160873	250	45.45454545454545	0.057964999999999996
SRR19621222_2	88.43094971103253	54.0	250.95861295609419	251	36.36363636363637	0.057964999999999996
SRR19621223_1	93.27657443345436	53.0	249.87650244146738	250	45.45454545454545	0.063896
SRR19621223_2	88.0821960686115	54.0	250.97074934268187	251	36.36363636363637	0.063896
SRR19621224_1	92.97646647822911	53.0	249.98175437482135	250	45.45454545454545	0.062974
SRR19621224_2	87.95375869406422	53.0	250.95310763172102	251	36.36363636363637	0.062974
SRR19621225_1	93.36284811521787	53.0	249.90359321037548	250	45.45454545454545	0.054436
SRR19621225_2	90.20317436990227	54.0	250.97198545080462	251	36.36363636363637	0.054436
SRR19621226_1	94.1720507690794	53.0	249.97025351743136	250	45.45454545454545	0.060981999999999995
SRR19621226_2	91.72870683152405	54.0	250.97391033419697	251	36.36363636363637	0.060981999999999995
SRR19621227_1	95.09208036104236	51.0	249.96964623671568	250	45.45454545454545	0.054952
SRR19621227_2	92.0057504731402	52.0	250.9794911923133	251	36.36363636363637	0.054952
SRR19621228_1	94.1856659757827	52.0	249.94054761645032	250	45.45454545454545	0.045835
SRR19621228_2	90.90651249045489	52.0	250.96696847387366	251	36.36363636363637	0.045835
SRR19621229_1	94.66558353642026	54.0	249.8987689808161	250	45.45454545454545	0.048008999999999996
SRR19621229_2	91.69322418713158	54.0	250.96406923701807	251	36.36363636363637	0.048008999999999996
SRR19621230_1	92.9638464531628	53.0	249.84151313674735	250	45.45454545454545	0.059108999999999995
SRR19621230_2	87.79373699436634	53.0	250.9606320526485	251	36.36363636363637	0.059108999999999995
SRR19621231_1	90.8158010887156	52.0	249.8640392820362	250	45.45454545454545	0.054376
SRR19621231_2	84.71384434309255	53.0	250.95794100338384	251	36.36363636363637	0.054376
SRR19621232_1	93.01590512554682	53.0	249.85634814271626	250	45.45454545454545	0.039547
SRR19621232_2	89.34938174829949	53.0	250.97124939944877	251	36.36363636363637	0.039547
SRR19621233_1	90.548132402065	55.0	249.882300840166	250	45.45454545454545	0.039515999999999996
SRR19621233_2	85.30721732968924	55.0	250.97370685292034	251	36.36363636363637	0.039515999999999996
SRR19621234_1	92.08809474340329	55.0	249.98086432578432	250	45.45454545454545	0.04813
SRR19621234_2	87.69582381051319	55.0	250.96509453563266	251	36.36363636363637	0.04813
